generation	0	100
0.846951
0.378107
0.432476
0.83263
0.371144
0.0405639
0.554683
0.451252
0.725315
0.378458
0.840669
0.469333
0.562649
0.661212
0.462248
0.623657
0.221887
0.732875
0.381695
0.194851
0.271182
0.249237
0.152151
0.771391
0.255416
0.127554
0.665175
0.412808
0.667779
0.659821
0.305385
0.201234
0.222039
0.119984
0.0371487
0.0341411
0.230508
0.228361
0.62492
0.892572
0.779739
0.721466
0.310451
0.363091
0.19609
0.935501
0.561739
0.817305
0.348931
0.799726
0.104111
0.712126
0.91746
0.803595
0.327125
0.255118
0.495011
0.413619
0.424951
0.074386
0.603398
0.747214
0.797582
0.381519
0.797169
0.471806
0.721401
0.189227
0.434602
0.823474
0.826281
0.189542
0.0201076
0.703497
0.347284
0.419512
0.768097
0.962885
0.892577
0.134953
0.797811
0.682104
0.530063
0.865995
0.753266
0.0932127
0.329443
0.412377
0.000974672
0.597573
0.682571
0.366296
0.396507
0.475375
0.581094
0.137146
0.999426
0.50734
0.493072
0.186879
generation	10	132
0.929433
0.456784
0.538266
0.939546
0.491159
0.146348
0.666046
0.508923
0.870412
0.454814
0.900735
0.651742
0.621113
0.792737
0.522101
0.827191
0.285088
0.855995
0.509756
0.361866
0.458503
0.373683
0.27493
0.946182
0.301902
0.231766
0.740912
0.448126
0.776236
0.739551
0.382126
0.29693
0.336278
0.247134
0.0698921
0.129151
0.341366
0.302142
0.714069
1.00321
0.885351
0.868551
0.398162
0.439023
0.282295
1.0282
0.612994
0.949183
0.517364
0.912791
0.173373
0.769362
1.03549
0.897922
0.445044
0.361492
0.583125
0.493269
0.55907
0.151185
0.676794
0.887567
0.853867
0.564355
0.904094
0.559472
0.741079
0.333372
0.495285
0.87777
0.907775
0.355495
0.0748278
0.762901
0.481158
0.497439
0.844486
1.03142
1.00843
0.238017
0.855945
0.820147
0.630804
1.00402
0.936554
0.194206
0.36783
0.552301
0.10162
0.694236
0.780386
0.521872
0.477009
0.637972
0.718003
0.226012
1.11303
0.631819
0.550666
0.229892
0.142148
0.0675819
0.094697
0.0626262
0.116933
0.0895661
0.116131
0.128399
0.0259901
0.116489
0.146857
0.117275
0.0449203
0.137921
0.0569717
0.0451645
0.0365605
0.0258658
0.00330788
0.0192093
0.0323089
0.0311286
0.0145545
0.0215102
0.0216413
0.00875535
0.0113049
0.00942911
0.00734604
0.00318609
0.00162352
0.000917849
generation	20	132
0.929437
0.456796
0.538271
0.939555
0.491165
0.146351
0.666052
0.508928
0.870424
0.454823
0.900739
0.651746
0.621118
0.792748
0.522109
0.827202
0.285096
0.856003
0.509761
0.361881
0.45851
0.37369
0.274943
0.946189
0.301914
0.231779
0.740918
0.448138
0.776236
0.739564
0.382138
0.296942
0.336285
0.24714
0.0699006
0.129172
0.34137
0.302149
0.714083
1.00322
0.88536
0.868567
0.39817
0.439035
0.282302
1.02821
0.613
0.949201
0.517373
0.912793
0.173381
0.769372
1.03549
0.897932
0.445058
0.361499
0.583143
0.493287
0.559082
0.151194
0.676799
0.887576
0.853875
0.564365
0.904103
0.559488
0.741085
0.33338
0.495298
0.87778
0.907784
0.355509
0.0748466
0.762912
0.481169
0.497444
0.844499
1.03143
1.00845
0.238027
0.855958
0.820158
0.630815
1.00403
0.936563
0.194217
0.367851
0.552307
0.101633
0.694247
0.780397
0.521881
0.477027
0.637989
0.718014
0.22602
1.11303
0.631829
0.55068
0.229906
0.142157
0.0675892
0.0947049
0.0626305
0.116938
0.0895734
0.116142
0.128409
0.025998
0.1165
0.146859
0.11728
0.0449303
0.137928
0.0569768
0.0451771
0.036572
0.0258701
0.00331485
0.019217
0.0323122
0.0311416
0.0145563
0.021524
0.0216531
0.00876086
0.0113188
0.00943659
0.00735753
0.00319151
0.00163198
0.000926406
generation	30	132
0.976039
0.571838
0.591993
1.03197
0.546212
0.177449
0.717492
0.55953
0.988655
0.544598
0.935813
0.68773
0.670575
0.902477
0.601416
0.942205
0.373633
0.935829
0.553
0.514312
0.530554
0.43772
0.409919
1.01861
0.416154
0.369503
0.794369
0.567681
0.776645
0.873676
0.507065
0.412207
0.40529
0.310441
0.154942
0.337463
0.380105
0.372016
0.849237
1.08541
0.977227
1.02875
0.479424
0.553854
0.349335
1.13442
0.680615
1.13595
0.603161
0.928672
0.254095
0.868566
1.05808
0.998421
0.582145
0.439486
0.765605
0.667927
0.679516
0.24242
0.732838
0.974252
0.927717
0.663468
1.00239
0.713156
0.791669
0.404898
0.631407
0.974852
1.00084
0.496995
0.262887
0.879999
0.593354
0.546725
0.968167
1.158
1.15971
0.340496
0.980711
0.927375
0.738028
1.07195
1.02269
0.308511
0.578499
0.612762
0.239914
0.803511
0.894032
0.611713
0.662773
0.80534
0.824042
0.303355
1.18554
0.733901
0.695958
0.371782
0.234492
0.140785
0.173832
0.106193
0.16844
0.162193
0.22109
0.224965
0.104893
0.228508
0.163686
0.168669
0.145063
0.209574
0.107672
0.171269
0.151519
0.0685973
0.0730155
0.0962218
0.0652938
0.16119
0.0325237
0.159377
0.139575
0.0638615
0.150592
0.084241
0.122244
0.0573645
0.0862066
0.086496
generation	40	134
1.02264
0.68688
0.645716
1.12439
0.60126
0.208547
0.768932
0.610132
1.10689
0.634373
0.970888
0.723714
0.720033
1.01221
0.680723
1.05721
0.46217
1.01566
0.59624
0.666744
0.602598
0.501751
0.544894
1.09103
0.530394
0.507226
0.84782
0.687225
0.777054
1.00779
0.631992
0.527472
0.474296
0.373743
0.239983
0.545755
0.418841
0.441883
0.984391
1.16759
1.06909
1.18894
0.560677
0.668673
0.416368
1.24062
0.74823
1.32269
0.68895
0.944552
0.334809
0.96776
1.08067
1.09891
0.719233
0.517473
0.948067
0.842567
0.799951
0.333647
0.788877
1.06093
1.00156
0.76257
1.10067
0.866824
0.842253
0.476417
0.767515
1.07192
1.09391
0.638481
0.450928
0.997086
0.70554
0.596007
1.09184
1.28456
1.31097
0.442964
1.10546
1.03459
0.845242
1.13986
1.10882
0.422805
0.789147
0.673217
0.378195
0.912774
1.00767
0.701545
0.848518
0.972691
0.93007
0.380691
1.25804
0.835973
0.841235
0.513657
0.326827
0.213981
0.252959
0.149756
0.219941
0.234812
0.326039
0.32152
0.183787
0.340515
0.180514
0.220058
0.245195
0.28122
0.158367
0.29736
0.266467
0.111325
0.142716
0.173227
0.0982754
0.291238
0.0504912
0.29723
0.257498
0.118962
0.289864
0.159045
0.237131
0.111537
0.170781
0.172066
0.00324458
0.00222073
