generation	0	100
1.05366
0.970721
0.912296
1.03049
0.998945
1.06345
1.05368
1.00779
1.01062
0.937105
1.03384
0.914214
1.02281
1.05325
0.967197
0.967436
0.991214
0.956854
0.974067
0.98833
1.07016
1.03222
1.01998
1.08527
0.953273
1.07444
1.06672
1.01239
1.01052
0.959835
0.976475
1.01154
1.00215
0.9741
0.963004
1.06385
1.05972
0.973034
0.960277
1.08453
1.01189
1.05104
0.925532
0.945864
0.885211
1.11161
0.953894
0.984861
1.01212
1.00202
1.00604
1.00754
1.12119
1.02858
0.935949
0.962893
0.940154
0.944669
1.01547
1.01292
0.930979
1.00929
0.943374
0.986203
0.96461
0.938781
1.05038
0.888067
0.926044
0.983604
1.06089
0.908072
0.938747
1.01764
0.981926
0.989953
0.985111
1.09057
1.11143
1.00103
1.0016
0.99835
1.02504
1.0562
0.897646
0.991699
0.9905
0.965575
1.03897
0.954012
0.971699
0.950572
0.974775
1.08784
0.981882
0.971237
1.11416
0.989239
0.997666
1.0585
generation	10	132
0
0.54675
0.584249
0
0.520636
0.642438
0.575679
0.537146
1.19025
0.55335
0
0.580859
0.593169
0.742811
0.603281
0.860842
0.493476
1.04462
0.5326
0.558909
0.533047
0.52625
0.460454
0
0.525231
0.530759
0.638747
0.523351
0.662879
0.596059
0.500624
0.471517
0.479999
0.526651
0.658034
0.641229
0.445875
0.493157
0.600666
0
1.35548
1.21914
0.533385
0.52785
0.606272
0
0.589145
0
0.558745
0
0.560035
0.645685
0
1.49306
0.526463
0.505932
0.558529
0.484491
0.544924
0.606715
0.639521
1.34614
1.04816
0.571576
0
0.535688
0.633114
0.43922
0.609885
1.21812
0
0.545634
0.604671
0.657976
0.590947
0.599685
1.03749
0
0
0.461348
1.07653
0.835545
0.59388
0
0
0.578857
0.498497
0.566206
0.641141
0.601133
0.660392
0.53635
0.512441
0.589941
0.641779
0.576804
0
0.654411
0.566235
0.530137
0.477489
0.577728
0.514527
0.592756
0.497045
0.537231
0.481036
0.507892
0.600757
0.571642
0.499459
0.564099
0.562749
0.481381
0.562968
0.623163
0.585845
0.611301
0.662518
0.668292
0.661294
0.623829
0.611199
0.581947
0.598045
0.618836
0.636923
0.645102
0.577368
0.576911
0.635266
0.650122
generation	20	132
0
0.557619
0.592536
0
0.524071
0.648818
0.572543
0.538241
1.17739
0.554036
0
0.582105
0.602837
0.737827
0.610753
0.85552
0.496063
1.03732
0.532871
0.563554
0.534951
0.525936
0.45432
0
0.535409
0.531167
0.633832
0.524378
0.661536
0.597717
0.501226
0.472747
0.483592
0.526082
0.654524
0.648109
0.440098
0.493695
0.601512
0
1.35024
1.22154
0.542043
0.525577
0.620628
0
0.597748
0
0.563554
0
0.560718
0.64653
0
1.49014
0.527238
0.513691
0.557995
0.487762
0.546747
0.615959
0.648413
1.33159
1.03679
0.572168
0
0.536732
0.63038
0.444133
0.625033
1.20619
0
0.560859
0.60214
0.656005
0.598422
0.60677
1.04088
0
0
0.454446
1.06751
0.833998
0.595389
0
0
0.586467
0.498824
0.568581
0.649838
0.601291
0.658688
0.536543
0.512806
0.590426
0.64219
0.583717
0
0.666296
0.563501
0.529765
0.469546
0.568259
0.51009
0.580619
0.489019
0.52901
0.473853
0.500056
0.592974
0.568972
0.492532
0.564432
0.554936
0.473787
0.553083
0.621496
0.575003
0.59878
0.649491
0.669315
0.660007
0.612391
0.601652
0.571971
0.587947
0.612174
0.628325
0.634674
0.572086
0.565165
0.625476
0.63797
generation	30	132
0
0.300873
0.335815
0
0.278509
0.380101
0.323882
0.263355
1.08333
0.308583
0
0.304374
0.326345
0.964314
0.270757
1.07731
0.210004
0.983715
0.141915
0.340439
0.296959
0.313874
0.18157
0
0.257376
0.245757
0.360179
0.281939
0.326343
0.750164
0.28021
0.240743
0.184781
0.254894
0.286192
0.306517
0.182329
0.24216
0.570839
0
1.11711
1.15939
0.291097
0.297419
0.350298
0
0.327587
0
0.328461
0
0.289213
0.64164
0
1.11705
0.267496
0.264031
0.320349
0.219602
0.261325
0.309107
0.397283
1.02747
0.979741
0.314318
0
0.254871
0.400994
0.0672139
0.346748
1.07192
0
0.30013
0.171685
0.814976
0.355829
0.322805
1.13488
0
0
0.130329
1.07869
0.994943
0.318954
0
0
0.291157
0.26735
0.311784
0.270336
0.361339
0.887197
0.293274
0.281056
0.390236
0.48458
0.31196
0
0.360977
0.349217
0.248353
0.159365
0.215528
0.179474
0.232807
0.140595
0.194972
0.119942
0.178509
0.169735
0.200566
0.165816
0.191546
0.182106
0.165054
0.21871
0.244063
0.135257
0.205162
0.248534
0.273344
0.303805
0.162227
0.303214
0.15814
0.187781
0.219964
0.261425
0.218684
0.0929522
0.1299
0.229845
0.186285
generation	40	134
0
0.323563
0.350226
0
0.252929
0.309021
0.255036
0.269367
1.13789
0.286965
0
0.293764
0.292897
1.01674
0.23661
1.14454
0.258028
1.02371
0.16353
0.346992
0.244871
0.27389
0.167056
0
0.275772
0.26575
0.576211
0.230909
0.333623
0.976032
0.2853
0.257652
0.249124
0.211039
0.230443
0.309473
0.185706
0.158821
1.08544
0
1.19596
0
0.29138
0.260826
0.290858
0
0.343135
0
0.302196
0
0.242773
1.05935
0
1.20437
0.2666
0.214583
0.94244
0.462083
0.381038
0.217754
0.446248
1.14181
1.02434
0.284479
0
0.594207
0.517162
0.0706221
0.442203
1.19627
0
0.306241
0.0792028
1.10795
0.381082
0.314351
1.23943
0
0
0.0671486
1.13869
1.12993
0.450051
0
0
0.253723
0.397758
0.390191
0.289803
0.969382
0.984203
0.29709
0.458751
1.00539
0.984002
0.281862
0
0.62183
0.549126
0.266423
0.12575
0.153512
0.141633
0.172636
0.129366
0.153185
0.137127
0.112571
0.138773
0.174725
0.155005
0.177132
0.153368
0.0669027
0.171354
0.232634
0.0244982
0.121319
0.175619
0.189555
0.271822
0.139095
0.33886
0.131969
0.148517
0.180798
0.13343
0.181481
0.043506
0.173154
0.195469
0.136266
0.281705
0.291777
