generation	0	600
-0.00862475	-0.625625
-0.512016	0.320344
0.557956	0.335828
0.559433	-0.320986
-0.578188	-0.252956
0.00862475	0.625625
-0.557956	-0.335828
-0.0330746	0.559215
0.545201	-0.346527
0.0206079	0.650015
0.51595	-0.293386
-0.53174	-0.285898
-0.545201	0.346527
0.557999	0.365547
-0.0206079	-0.650015
0.53174	0.285898
-0.0420335	-0.609147
-0.559433	0.320986
0.0330746	-0.559215
-0.537842	0.305379
0.584098	0.330729
-0.584098	-0.330729
-0.0431631	0.653537
0.534118	-0.305745
-0.0180589	0.565179
0.495027	-0.30276
-0.557999	-0.365547
-0.534118	0.305745
0.490393	0.324168
0.0180589	-0.565179
-0.0646727	-0.613603
-0.623234	0.309993
0.434382	0.266475
0.512016	-0.320344
-0.570744	-0.324197
0.0646727	0.613603
-0.434382	-0.266475
0.00730977	0.543248
0.537842	-0.305379
0.578188	0.252956
0.0721986	-0.748923
-0.44967	0.220397
0.0462782	-0.654331
-0.4909	0.313161
0.570744	0.324197
0.44967	-0.220397
-0.517917	-0.322462
-0.0462782	0.654331
0.4909	-0.313161
-0.588053	-0.341509
-0.046535	0.590636
-0.549617	-0.343995
0.0118824	0.590832
0.623234	-0.309993
0.046535	-0.590636
-0.451622	0.285947
0.549617	0.343995
-0.540837	-0.287193
0.0557098	0.57412
0.503705	-0.321759
0.0314197	-0.683446
-0.463013	0.254755
0.540837	0.287193
-0.503705	0.321759
0.560683	0.264467
-0.0118824	-0.590832
0.451622	-0.285947
-0.561093	-0.277558
-0.0314197	0.683446
0.555543	0.368747
-0.0158265	-0.65131
-0.534435	0.302523
0.00453647	0.525044
0.526867	-0.343658
-0.555543	-0.368747
-0.497244	0.357492
0.561889	0.347027
-0.00453647	-0.525044
-0.587028	-0.339369
-0.0637786	0.607373
0.497244	-0.357492
-0.0102431	-0.609391
-0.576336	0.344422
0.587028	0.339369
0.534435	-0.302523
-0.5434	-0.238294
0.0102431	0.609391
0.5434	0.238294
0.0110169	-0.717187
-0.495027	0.30276
-0.490393	-0.324168
0.0741458	0.537973
0.576336	-0.344422
-0.59752	0.29964
0.453472	0.301287
-0.027059	-0.624676
-0.568701	-0.289
-0.0110169	0.717187
0.59752	-0.29964
0.0320585	-0.696591
-0.51595	0.293386
0.568701	0.289
0.027059	0.624676
0.509113	-0.410166
-0.62632	-0.309105
0.62632	0.309105
0.041889	-0.717613
-0.480783	0.24783
0.480783	-0.24783
-0.515631	-0.301306
-0.0320585	0.696591
0.606151	-0.396237
-0.463465	-0.29283
0.0420335	0.609147
0.515631	0.301306
-0.05628	-0.547664
-0.606151	0.396237
0.561143	0.327932
-0.00186932	-0.453963
-0.509113	0.410166
0.593044	0.379143
0.0105644	-0.457571
-0.560196	0.422282
-0.561143	-0.327932
-0.00980036	0.747053
0.543663	-0.234725
-0.543663	0.234725
0.480534	0.362251
0.0465654	-0.590308
-0.0465654	0.590308
0.53665	-0.274183
-0.593044	-0.379143
0.0804835	-0.789049
-0.496049	0.270085
0.653031	0.2885
-0.653031	-0.2885
0.00855082	0.591935
0.475613	-0.349438
-0.475613	0.349438
0.517926	0.258893
-0.055251	-0.590927
0.055251	0.590927
0.659293	-0.390863
-0.503735	-0.369196
0.503735	0.369196
0.0715115	-0.567566
-0.489174	0.232011
0.489174	-0.232011
-0.524372	-0.237932
-0.0804835	0.789049
-0.0475039	0.579366
0.401667	-0.234715
-0.582756	-0.339535
0.560569	-0.46573
-0.615176	-0.324586
0.070706	0.481429
-0.070706	-0.481429
-0.581742	0.42414
0.429086	0.219753
0.582756	0.339535
-0.0303063	-0.496834
-0.560569	0.46573
0.0431631	-0.653537
-0.427483	0.266875
0.621554	0.302997
-0.520266	0.400137
0.618314	0.288068
-0.0741458	-0.537973
-0.621554	-0.302997
0.0501834	0.622307
0.520266	-0.400137
0.492361	-0.355569
-0.560683	-0.264467
0.0300813	0.680174
-0.0300813	-0.680174
-0.467565	0.248317
0.450988	0.210586
0.643984	0.402513
-0.00730977	-0.543248
-0.492361	0.355569
-0.450988	-0.210586
0.0908696	0.710826
0.598279	-0.320407
-0.598279	0.320407
0.577649	0.469588
0.0569968	-0.523409
-0.0569968	0.523409
0.427483	-0.266875
-0.643984	-0.402513
-0.0557098	-0.57412
-0.587083	0.38432
0.571195	0.297079
-0.571195	-0.297079
-0.0404499	0.763898
0.467565	-0.248317
0.0404499	-0.763898
-0.681694	0.242674
0.434639	0.295735
-0.615233	0.386538
0.524372	0.237932
-0.0908696	-0.710826
-0.434639	-0.295735
0.0462973	0.571024
0.615233	-0.386538
-0.0715115	0.567566
0.578569	-0.334569
-0.577649	-0.469588
-0.578569	0.334569
0.390843	0.195355
-0.0501834	-0.622307
0.458878	-0.203693
-0.499032	-0.257151
-0.0154542	0.728481
0.539004	0.281102
0.0573547	-0.650174
-0.458878	0.203693
0.05628	0.547664
0.597112	-0.451894
-0.539004	-0.281102
0.0154542	-0.728481
-0.559924	0.221085
0.463465	0.29283
0.559924	-0.221085
-0.49296	-0.34882
-0.0721986	0.748923
-0.618314	-0.288068
-0.063294	0.647674
0.407125	-0.223721
-0.407125	0.223721
0.616794	0.345497
0.0637786	-0.607373
0.579925	-0.261144
-0.453472	-0.301287
0.0158265	0.65131
0.533851	0.248938
0.00980036	-0.747053
-0.579925	0.261144
-0.0155389	0.688606
0.487434	-0.278659
-0.533851	-0.248938
-0.526867	0.343658
0.63745	0.303573
0.0155389	-0.688606
-0.0127124	0.589806
0.624025	-0.366328
-0.480534	-0.362251
-0.487434	0.278659
0.509721	0.275379
0.0127124	-0.589806
-0.437256	0.308258
0.567387	0.217651
-0.0620132	-0.687201
-0.63745	-0.303573
-0.00146741	0.553241
0.437256	-0.308258
0.0620132	0.687201
0.628671	-0.336651
-0.509721	-0.275379
0.6024	-0.266495
-0.558495	-0.395026
-0.0573547	0.650174
0.443508	0.350697
-0.00855082	-0.591935
-0.6024	0.266495
-0.597112	0.451894
0.497471	0.33542
-0.032854	-0.39518
0.032854	0.39518
0.593185	-0.431095
-0.443508	-0.350697
0.516775	0.339505
-0.0462973	-0.571024
-0.549426	0.321865
0.549426	-0.321865
-0.618971	-0.305828
-0.0495958	0.629496
0.0495958	-0.629496
-0.401667	0.234715
0.621076	0.297625
-0.00326457	0.48182
0.496049	-0.270085
-0.516775	-0.339505
-0.491457	0.427662
0.558495	0.395026
0.00326457	-0.48182
-0.621076	-0.297625
0.0346872	0.56408
0.491457	-0.427662
0.681694	-0.242674
-0.376152	-0.254936
-0.00576744	0.640123
0.00576744	-0.640123
-0.445354	0.33367
0.618971	0.305828
0.445354	-0.33367
-0.630023	-0.343246
0.0303063	0.496834
-0.0346872	-0.56408
-0.553988	0.346512
0.499032	0.257151
-0.593185	0.431095
0.567111	0.273213
-0.0517033	-0.602083
0.0517033	0.602083
0.606254	-0.287871
-0.517926	-0.258893
-0.497471	-0.33542
-0.041889	0.717613
0.548721	-0.197369
-0.548721	0.197369
0.542954	0.359959
0.0812498	-0.691113
-0.0812498	0.691113
0.45627	-0.255383
-0.567111	-0.273213
-0.0105644	0.457571
0.606036	-0.382687
-0.576195	-0.426602
0.576195	0.426602
0.0398974	-0.578689
-0.45627	0.255383
-0.542954	-0.359959
0.00186932	0.453963
0.560196	-0.422282
-0.659293	0.390863
0.503507	0.219437
-0.122106	-0.685112
0.122106	0.685112
0.63426	-0.282057
-0.390843	-0.195355
0.063294	-0.647674
-0.63426	0.282057
0.40282	0.340843
-0.0177729	0.544728
0.561411	-0.307013
-0.616794	-0.345497
-0.66662	0.322013
0.466875	0.419517
0.0177729	-0.544728
-0.40282	-0.340843
-0.00896437	0.569759
0.66662	-0.322013
-0.502064	-0.315695
0.0192793	0.544718
0.564869	-0.332222
-0.564869	0.332222
0.476253	0.303997
0.0204532	-0.657689
0.00108178	-0.71872
-0.53665	0.274183
0.502064	0.315695
-0.0204532	0.657689
0.391108	-0.230558
-0.640622	-0.297344
0.640622	0.297344
0.0372309	-0.643444
-0.445682	0.25284
0.445682	-0.25284
-0.514176	-0.226499
-0.00108178	0.71872
0.514176	0.226499
-0.10014	-0.645821
-0.606036	0.382687
0.517274	-0.38064
-0.531865	-0.238042
0.10014	0.645821
0.579955	0.356676
-0.014313	-0.574946
-0.517274	0.38064
-0.0372309	0.643444
0.546976	-0.325609
-0.579955	-0.356676
0.014313	0.574946
0.614245	-0.273462
-0.520312	-0.327668
0.520312	0.327668
-0.00523877	-0.504258
-0.449722	0.259263
0.449722	-0.259263
-0.697977	-0.291266
-0.0647924	0.785949
0.0647924	-0.785949
-0.510328	0.261258
0.531865	0.238042
-0.561411	0.307013
0.415229	0.212332
-0.0552936	-0.656322
0.0552936	0.656322
0.596424	-0.358915
-0.561889	-0.347027
-0.596424	0.358915
0.49523	0.342005
0.00146741	-0.553241
0.0296875	0.673339
0.427232	-0.25986
-0.567387	-0.217651
-0.540568	0.312513
0.575216	0.321978
-0.0296875	-0.673339
-0.49523	-0.342005
-0.00324027	0.653944
0.540568	-0.312513
-0.427232	0.25986
0.658937	0.350586
0.0517377	-0.654376
0.479698	0.327268
-0.0200195	-0.570505
-0.628671	0.336651
-0.0517377	0.654376
0.614403	-0.239853
-0.479698	-0.327268
0.568584	0.291914
-0.0190074	-0.544409
-0.559215	0.352891
-0.0136792	0.718898
0.498715	-0.31607
-0.568584	-0.291914
-0.614403	0.239853
0.42754	0.260243
0.0136792	-0.718898
0.559215	-0.352891
-0.481635	-0.324357
0.0200195	0.570505
0.481635	0.324357
-0.0192793	-0.544718
-0.624025	0.366328
0.0190074	0.544409
0.568388	-0.311801
-0.476253	-0.303997
-0.508728	-0.329093
-0.0398974	0.578689
0.510328	-0.261258
-0.0166311	-0.733375
-0.606254	0.287871
0.508728	0.329093
0.697977	0.291266
0.00896437	-0.569759
-0.402503	0.276005
0.402503	-0.276005
-0.503507	-0.219437
0.0166311	0.733375
0.00523877	0.504258
0.548279	-0.419314
-0.466875	-0.419517
-0.575216	-0.321978
-0.0424199	0.551683
0.472136	-0.309314
-0.00912898	0.595275
0.456425	-0.335367
-0.658937	-0.350586
-0.472136	0.309314
0.5501	0.294023
0.00912898	-0.595275
0.54113	-0.240979
-0.505216	-0.292025
-0.0576925	0.743814
0.0576925	-0.743814
-0.391108	0.230558
0.632809	0.281386
-0.632809	-0.281386
0.000271712	0.599056
0.429155	-0.265349
0.469338	0.268774
0.00864891	-0.641541
-0.54113	0.240979
-0.00619702	0.732056
0.509219	-0.249167
-0.469338	-0.268774
-0.429155	0.265349
0.615176	0.324586
0.00619702	-0.732056
0.505216	0.292025
-0.03379	-0.539283
-0.546976	0.325609
0.630023	0.343246
0.084757	-0.624053
-0.509219	0.249167
0.03379	0.539283
0.559707	-0.363992
-0.493209	-0.340191
0.493209	0.340191
0.101109	-0.647095
-0.614245	0.273462
-0.388051	0.278327
0.53644	0.245082
-0.0683014	-0.659188
-0.692625	-0.330683
-0.101109	0.647095
0.388051	-0.278327
0.0683014	0.659188
0.66138	-0.357199
-0.415225	-0.264402
-0.0207412	-0.639612
-0.548279	0.419314
0.692625	0.330683
0.617891	-0.231621
-0.415229	-0.212332
0.0207412	0.639612
0.415225	0.264402
0.00324027	-0.653944
-0.617891	0.231621
-0.66138	0.357199
0.5402	0.400983
0.0424199	-0.551683
-0.021681	-0.649206
-0.456425	0.335367
0.56575	0.271435
-0.56575	-0.271435
0.0296771	0.655626
0.500874	-0.284908
-0.500874	0.284908
0.588053	0.341509
0.00208655	-0.596606
0.540927	0.315868
0.0661188	-0.64103
-0.549465	0.276742
0.549465	-0.276742
-0.42754	-0.260243
0.021681	0.649206
-0.00208655	0.596606
0.605228	-0.351839
-0.540927	-0.315868
-0.51088	0.297603
0.561093	0.277558
-0.0296771	-0.655626
-0.5501	-0.294023
0.0395406	0.643073
0.51088	-0.297603
0.530729	0.377439
0.0151045	-0.466303
-0.498715	0.31607
-0.0661188	0.64103
0.532827	-0.222185
-0.530729	-0.377439
0.517917	0.322462
-0.0586008	-0.575209
-0.605228	0.351839
-0.488608	-0.252035
0.0586008	0.575209
0.605426	-0.420469
-0.605426	0.420469
0.49296	0.34882
0.0153177	-0.511385
-0.0376236	-0.825944
-0.532827	0.222185
0.488608	0.252035
-0.0153177	0.511385
0.553988	-0.346512
-0.550946	-0.394135
0.550946	0.394135
0.0475039	-0.579366
-0.596029	0.24801
0.596029	-0.24801
-0.429086	-0.219753
0.0376236	0.825944
0.376152	0.254936
-0.0599821	-0.664395
-0.620235	0.261429
0.620235	-0.261429
-0.518876	-0.397824
-0.084757	0.624053
0.587083	-0.38432
-0.509519	-0.277324
0.0599821	0.664395
0.518876	0.397824
0.0208711	-0.519579
-0.535789	0.36073
0.535789	-0.36073
-0.529077	-0.31278
-0.00864891	0.641541
-0.559707	0.363992
0.529077	0.31278
-0.0273165	-0.656539
0.0273165	0.656539
0.563312	-0.275045
-0.53644	-0.245082
-0.548739	0.285746
0.509519	0.277324
0.0370426	-0.713553
-0.0370426	0.713553
0.463013	-0.254755
-0.538001	-0.275082
-0.549741	-0.364055
-0.0208711	0.519579
0.548739	-0.285746
0.538001	0.275082
-0.0395406	-0.643073
-0.563997	0.324885
0.563997	-0.324885
-0.5402	-0.400983
-0.0335258	0.585442
0.0335258	-0.585442
-0.563312	0.275045
0.549741	0.364055
-0.533024	-0.365751
-0.0151045	0.466303
0.581742	-0.42414
-0.568388	0.311801
0.533024	0.365751
-0.000271712	-0.599056
generation	10	696
0.185396	-0.42843
-0.144643	0.0240221
0.520785	0.440983
0.269919	-0.432297
-0.594929	-0.176476
0.158608	0.292098
-0.520785	-0.440983
-0.00283422	0.331834
0.610369	-0.424269
-0.181085	0.354951
0.35385	-0.0822855
-0.359532	-0.433641
-0.610369	0.424269
0.325037	0.136924
-0.15229	-0.438792
0.359532	0.433641
0.114426	-0.54784
-0.503709	0.0578454
0.00283422	-0.331834
-0.385857	0.241443
0.220728	0.125658
-0.220728	-0.125658
0.0192251	0.760471
0.717417	-0.388448
-9.44499e-05	0.356389
0.359647	-0.215035
-0.325037	-0.136924
-0.717417	0.388448
0.540311	0.393102
9.44499e-05	-0.356389
-0.150062	-0.466721
-0.51977	0.342962
0.315985	0.137097
0.144643	-0.0240221
-0.579466	-0.470557
-0.18931	0.386421
-0.315985	-0.137097
0.0186387	0.655371
0.385857	-0.241443
0.594929	0.176476
0.130566	-0.817771
-0.17145	0.109292
-0.0154828	-0.341177
-0.589171	0.462187
0.579466	0.470557
0.17145	-0.109292
-0.541141	-0.279139
0.0154828	0.341177
0.589171	-0.462187
-0.310147	-0.0912043
0.149754	0.368759
-0.606204	-0.459807
-0.00404141	0.280246
0.51977	-0.342962
0.14634	-0.375908
-0.462594	0.196837
0.606204	0.459807
-0.390744	-0.189706
0.00748162	0.417459
0.656051	-0.410831
-0.0179614	-0.764342
-0.312654	0.228534
0.390744	0.189706
-0.656051	0.410831
0.565887	0.332054
0.00404141	-0.280246
0.462594	-0.196837
-0.157267	-0.0950235
0.0179614	0.764342
0.29843	0.130935
-0.00788466	-0.618752
-0.244923	0.147482
0.198938	0.515663
0.378281	-0.267133
-0.29843	-0.130935
-0.112293	0.233017
0.562776	-0.0419272
-0.198938	-0.515663
-0.274304	-0.230455
0.00295224	0.744835
0.404019	-0.0936617
0.0483252	-0.59534
-0.232175	0.0915843
0.274304	0.230455
0.244923	-0.147482
-0.461069	-0.277601
-0.0483252	0.59534
0.461069	0.277601
0.0295561	-0.530491
-0.359647	0.215035
-0.540311	-0.393102
-0.134912	0.639955
0.232175	-0.0915843
-0.340545	0.165358
0.328006	0.207217
0.038834	-0.647235
-0.331596	-0.267426
-0.0295561	0.530491
0.340545	-0.165358
0.0941734	-0.589273
-0.35385	0.0822855
0.331596	0.267426
-0.038834	0.647235
0.410576	-0.206335
-0.286356	-0.197195
0.286356	0.197195
0.0297793	-0.524811
-0.330446	0.153089
0.330446	-0.153089
-0.534195	-0.382667
-0.0941734	0.589273
0.158934	-0.0727438
-0.650179	-0.336918
-0.114426	0.54784
0.534195	0.382667
0.0479475	-0.579916
-0.158934	0.0727438
0.331147	0.2026
0.0250711	-0.602781
-0.410576	0.206335
0.277791	0.162592
0.0197128	-0.666322
-0.329623	0.178708
-0.331147	-0.2026
-0.0133561	0.623702
0.309055	-0.18152
-0.309055	0.18152
0.376227	0.211447
-0.00771633	-0.639978
0.00771633	0.639978
0.246609	-0.157414
-0.277791	-0.162592
-0.107128	-0.631898
-0.507925	0.269314
0.197471	0.129091
-0.197471	-0.129091
-0.0560848	0.613419
0.315881	-0.10633
-0.315881	0.10633
0.515872	0.421311
0.215961	-0.430188
0.113004	0.401774
0.56354	-0.384846
-0.419338	-0.145673
0.419338	0.145673
-0.201576	-1.00873
-0.3041	0.322976
0.3041	-0.322976
-0.378458	-0.0135644
0.107128	0.631898
0.109606	0.456878
0.322789	-0.230568
-0.250634	-0.0631755
0.523934	-0.440524
-0.595318	-0.466982
-0.000280453	0.156518
0.000280453	-0.156518
-0.446574	0.357808
0.398441	0.329315
0.250634	0.0631755
-0.274035	-0.43777
-0.523934	0.440524
-0.0192251	-0.760471
-0.294162	0.187783
0.316815	0.185671
-0.786776	0.301533
0.202265	0.265175
0.134912	-0.639955
-0.316815	-0.185671
0.0662392	0.575785
0.786776	-0.301533
0.292547	-0.162794
-0.565887	-0.332054
-0.0628732	0.662287
0.0628732	-0.662287
-0.580198	0.224691
0.277079	0.236528
0.31301	0.177097
-0.0186387	-0.655371
-0.292547	0.162794
-0.277079	-0.236528
-0.207237	0.733578
0.389322	-0.170316
-0.389322	0.170316
0.347564	0.173395
0.00203084	-0.714196
-0.00203084	0.714196
0.294162	-0.187783
-0.31301	-0.177097
-0.00748162	-0.417459
-0.452173	0.370157
0.571385	0.390742
-0.571385	-0.390742
-0.0797112	0.316413
0.580198	-0.224691
-0.299606	-0.443961
-0.33924	0.34314
0.430145	-0.0149583
0.46314	0.587642
0.207237	-0.733578
-0.430145	0.0149583
-0.231834	0.74503
0.378458	0.0135644
-0.46314	-0.587642
0.201576	1.00873
0.331683	-0.313919
-0.347564	-0.173395
-0.331683	0.313919
0.560511	0.0574916
-0.0662392	-0.575785
0.380778	-0.241858
-0.356228	-0.181545
0.0498059	0.399534
0.526088	0.32565
0.00611874	-0.477587
-0.380778	0.241858
-0.0479475	0.579916
0.212343	-0.108611
-0.526088	-0.32565
-0.0498059	-0.399534
-0.306638	0.351199
0.650179	0.336918
0.395601	-0.0294536
-0.0489332	-0.0675478
-0.130566	0.817771
-0.373791	-0.0456852
0.10636	0.796996
0.0682862	-0.0671104
-0.0682862	0.0671104
0.684864	0.206012
-0.00295224	-0.744835
0.439194	-0.234485
-0.328006	-0.207217
0.00788466	0.618752
0.257362	0.162787
0.0133561	-0.623702
-0.439194	0.234485
-0.0119601	0.554253
0.419491	-0.208634
-0.257362	-0.162787
-0.378281	0.267133
0.49648	0.33421
0.0119601	-0.554253
-0.0217855	0.547927
0.509693	-0.331851
-0.376227	-0.211447
-0.419491	0.208634
0.249935	0.188551
0.0217855	-0.547927
-0.0906512	0.040111
0.673049	0.378535
0.0942555	-0.868435
-0.49648	-0.33421
-0.113047	0.406659
0.0906512	-0.040111
-0.0942555	0.868435
0.517596	-0.194615
-0.249935	-0.188551
0.353511	-0.185671
-0.327167	-0.205118
-0.00611874	0.477587
0.400552	0.257011
0.0560848	-0.613419
-0.353511	0.185671
-0.212343	0.108611
0.634129	0.393293
0.0217503	-0.623287
-0.0217503	0.623287
0.480594	-0.265049
-0.400552	-0.257011
0.209496	0.169747
0.231834	-0.74503
-0.71289	0.217073
0.71289	-0.217073
-0.375366	-0.365376
-0.0386419	0.336542
0.0386419	-0.336542
-0.322789	0.230568
0.507585	0.300668
-0.0313662	0.453749
0.507925	-0.269314
-0.209496	-0.169747
-0.422076	0.230787
0.327167	0.205118
0.0313662	-0.453749
-0.507585	-0.300668
0.00611843	0.512232
0.422076	-0.230787
0.33924	-0.34314
-0.6343	-0.282846
-0.0875661	0.826272
0.0875661	-0.826272
-0.3605	0.00264712
0.375366	0.365376
0.134534	-0.124477
-0.721123	-0.362251
-0.0156997	0.304415
-0.00611843	-0.512232
-0.17373	0.105323
0.356228	0.181545
-0.480594	0.265049
0.60461	0.347983
0.00669189	-0.2904
-0.00669189	0.2904
0.389485	-0.238072
-0.515872	-0.421311
-0.634129	-0.393293
-0.0297793	0.524811
0.456157	-0.239561
-0.456157	0.239561
0.236066	0.152451
0.016668	-0.694085
-0.016668	0.694085
0.279328	-0.16871
-0.60461	-0.347983
-0.0197128	0.666322
0.467053	-0.227227
-0.289406	-0.170216
0.289406	0.170216
-0.036715	-0.509432
-0.279328	0.16871
-0.236066	-0.152451
-0.0250711	0.602781
0.329623	-0.178708
-0.56354	0.384846
0.238195	0.129299
0.057957	-0.626166
-0.057957	0.626166
0.492225	-0.226769
-0.350217	-0.399817
-0.10636	-0.796996
-0.492225	0.226769
0.0594445	0.0380363
0.0478386	0.38554
0.206089	-0.261845
-0.684864	-0.206012
-0.635184	0.310591
0.493901	0.432842
-0.0478386	-0.38554
-0.0594445	-0.0380363
-0.0399596	0.744527
0.635184	-0.310591
-0.563537	-0.208282
0.0834904	0.468705
0.310793	-0.456004
-0.375075	0.103039
0.0581948	0.043441
0.0429479	-0.752082
0.0561532	-0.821481
-0.246609	0.157414
0.563537	0.208282
-0.0429479	0.752082
0.362072	-0.19744
-0.561201	-0.23734
0.561201	0.23734
-0.05446	-0.340083
-0.323835	0.442096
0.351164	-0.0766075
-0.0937877	-0.0772457
-0.0561532	0.821481
0.0937877	0.0772457
-0.00946519	-0.701623
-0.467053	0.227227
0.324466	-0.25217
-0.340675	-0.122986
0.00946519	0.701623
0.399325	0.172252
-0.0644452	-0.613369
-0.324466	0.25217
0.05446	0.340083
0.580953	-0.377511
-0.399325	-0.172252
0.0644452	0.613369
0.486969	-0.487702
-0.270249	-0.187503
0.270249	0.187503
0.275327	-0.988765
-0.263381	0.0909528
0.263381	-0.0909528
-0.630337	-0.457442
-0.19234	0.48234
-0.125275	-0.356763
-0.443034	0.372188
0.340675	0.122986
-0.18289	-0.00159939
0.420957	0.420195
0.321572	-0.530662
0.348342	0.076185
-0.319279	-0.528545
-0.321572	0.530662
0.319279	0.528545
0.113047	-0.406659
-0.562776	0.0419272
0.0547009	0.4617
0.663172	-0.470786
-0.673049	-0.378535
-0.263828	0.211265
0.734011	0.315519
-0.0547009	-0.4617
-0.348342	-0.076185
0.083154	0.674026
0.263828	-0.211265
-0.663172	0.470786
0.494491	0.206187
-0.0256033	-0.488783
0.698766	0.482016
0.0602775	-0.194459
-0.517596	0.194615
0.0256033	0.488783
0.354821	-0.28676
-0.698766	-0.482016
0.589178	0.639339
0.193415	-0.323699
-0.467014	0.214636
-0.052364	0.152805
0.38259	-0.162847
-0.589178	-0.639339
-0.354821	0.28676
0.353426	0.10125
-0.241103	-0.471823
0.467014	-0.214636
-0.0447087	-0.0196394
0.251621	0.659616
0.0447087	0.0196394
-0.0834904	-0.468705
-0.509693	0.331851
0.0445656	0.465612
0.736108	-0.230888
-0.0581948	-0.043441
-0.451046	-0.198313
0.036715	0.509432
0.443034	-0.372188
-0.0815387	-0.483003
-0.389485	0.238072
0.451046	0.198313
0.630337	0.457442
0.0399596	-0.744527
-0.331472	0.19967
0.331472	-0.19967
-0.238195	-0.129299
0.0925868	0.622572
-0.275327	0.988765
0.0993787	-0.00928729
-0.493901	-0.432842
-0.734011	-0.315519
0.0471306	0.519233
0.454706	-0.326021
0.0857546	0.715797
0.310536	-0.255377
-0.494491	-0.206187
-0.454706	0.326021
0.177826	0.0882257
-0.0857546	-0.715797
0.257871	-0.162556
-0.408798	-0.232175
-0.0120174	0.52532
0.0120174	-0.52532
-0.362072	0.19744
0.496972	0.403095
-0.496972	-0.403095
-0.107689	0.35898
0.253762	-0.064156
0.337248	0.14796
0.00235441	-0.805489
-0.257871	0.162556
0.247197	0.596702
0.283391	-0.199123
-0.337248	-0.14796
-0.253762	0.064156
0.595318	0.466982
0.103599	-0.282152
0.408798	0.232175
0.0358786	-0.690098
-0.580953	0.377511
0.721123	0.362251
0.125135	-0.717638
-0.283391	0.199123
-0.0358786	0.690098
0.41514	-0.193475
-0.261487	-0.232709
0.261487	0.232709
0.104084	-0.673246
-0.332145	0.0269955
-0.214952	0.123459
0.384644	0.222303
-0.0173347	-0.473335
-0.609648	-0.270228
-0.104084	0.673246
0.214952	-0.123459
0.0173347	0.473335
0.446383	-0.301146
-0.515431	-0.250608
-0.0402763	-0.376529
-0.209094	0.272616
0.609648	0.270228
0.33211	-0.200646
-0.420957	-0.420195
0.0402763	0.376529
0.515431	0.250608
-0.083154	-0.674026
-0.33211	0.200646
-0.446383	0.301146
0.317032	0.152574
-0.0471306	-0.519233
-0.122384	-0.625104
-0.310536	0.255377
0.362222	0.139538
-0.362222	-0.139538
0.0484812	0.63741
0.354781	-0.300274
-0.354781	0.300274
0.310147	0.0912043
-0.120024	-0.656272
0.358784	0.12988
-0.086379	-0.395424
-0.360579	0.321784
0.360579	-0.321784
-0.353426	-0.10125
0.122384	0.625104
0.120024	0.656272
0.462719	-0.335026
-0.358784	-0.12988
-0.457659	0.282451
0.157267	0.0950235
-0.0484812	-0.63741
-0.177826	-0.0882257
0.0504966	0.685665
0.457659	-0.282451
0.433775	0.171517
-0.0905944	-0.628399
-0.38259	0.162847
0.086379	0.395424
0.297744	-0.360463
-0.433775	-0.171517
0.541141	0.279139
-0.0118117	-0.289004
-0.462719	0.335026
-0.33847	-0.276768
0.0118117	0.289004
0.452666	-0.422847
-0.353369	0.00362191
0.0489332	0.0675478
0.171409	-0.788861
0.276745	-0.763034
-0.259855	0.0150314
0.33847	0.276768
-0.171409	0.788861
0.17373	-0.105323
-0.553156	-0.230777
0.553156	0.230777
-0.109606	-0.456878
-0.299807	0.389867
0.186206	-0.0164368
-0.398441	-0.329315
-0.276745	0.763034
0.6343	0.282846
0.0190567	-0.355844
-0.158491	0.15235
0.385796	-0.00400352
-0.250181	-0.246135
-0.125135	0.717638
0.452173	-0.370157
-0.164247	-0.0499351
0.288969	0.485408
0.250181	0.246135
0.0484472	-0.584523
-0.493239	0.209447
0.493239	-0.209447
-0.218004	-0.147703
-0.00235441	0.805489
-0.41514	0.193475
0.218004	0.147703
0.0270522	-0.613637
-0.0270522	0.613637
0.389499	-0.225526
-0.384644	-0.222303
-0.311862	0.216883
0.164247	0.0499351
-0.0944598	-0.698853
0.0944598	0.698853
0.312654	-0.228534
-0.269738	-0.119783
-0.343139	-0.192896
-0.0484472	0.584523
0.311862	-0.216883
0.269738	0.119783
-0.0504966	-0.685665
-0.318866	0.223937
0.318866	-0.223937
-0.317032	-0.152574
0.0280625	0.618685
-0.0280625	-0.618685
-0.389499	0.225526
0.343139	0.192896
-0.310464	-0.520134
-0.314248	0.348158
0.199451	0.0380384
-0.736108	0.230888
0.310464	0.520134
0.107689	-0.35898
-0.186206	0.0164368
0.328186	0.633393
0.299807	-0.389867
0.353369	-0.00362191
-0.328186	-0.633393
-0.452666	0.422847
0.0156997	-0.304415
-0.741618	0.12916
0.274035	0.43777
-0.103599	0.282152
0.741618	-0.12916
-0.247197	-0.596702
-0.0190567	0.355844
0.654877	-0.148409
-0.288969	-0.485408
0.0797112	-0.316413
-0.654877	0.148409
0.299606	0.443961
-0.0993787	0.00928729
0.382513	0.697853
0.209094	-0.272616
0.332145	-0.0269955
-0.382513	-0.697853
-0.486969	0.487702
0.19234	-0.48234
-0.676882	-0.11754
0.125275	0.356763
-0.173461	0.165174
0.676882	0.11754
-0.0925868	-0.622572
-0.215961	0.430188
0.607857	0.130424
-0.113004	-0.401774
0.173461	-0.165174
-0.607857	-0.130424
0.0815387	0.483003
0.052364	-0.152805
-0.752207	0.0821082
0.241103	0.471823
-0.0602775	0.194459
0.752207	-0.0821082
-0.251621	-0.659616
0.259855	-0.0150314
-0.308415	-0.749573
-0.297744	0.360463
-0.199451	-0.0380384
0.308415	0.749573
0.446574	-0.357808
0.503709	-0.0578454
-0.338681	-0.591404
-0.269919	0.432297
-0.395601	0.0294536
0.338681	0.591404
0.306638	-0.351199
-0.185396	0.42843
0.793468	0.00635228
-0.158608	-0.292098
0.181085	-0.354951
-0.793468	-0.00635228
0.15229	0.438792
0.18289	0.00159939
-0.489886	-0.782664
-0.206089	0.261845
-0.404019	0.0936617
0.489886	0.782664
0.112293	-0.233017
0.314248	-0.348158
-0.687759	-0.171791
0.0905944	0.628399
-0.193415	0.323699
0.687759	0.171791
-0.0445656	-0.465612
0.350217	0.399817
0.362291	-0.669634
-0.560511	-0.0574916
-0.202265	-0.265175
-0.362291	0.669634
0.373791	0.0456852
0.375075	-0.103039
-0.467013	-0.650366
-0.310793	0.456004
-0.351164	0.0766075
0.467013	0.650366
0.323835	-0.442096
0.3605	-0.00264712
-0.344725	-0.959415
-0.134534	0.124477
-0.385796	0.00400352
0.344725	0.959415
0.158491	-0.15235
-0.14634	0.375908
0.829572	0.0260323
-0.149754	-0.368759
0.18931	-0.386421
-0.829572	-0.0260323
0.150062	0.466721
generation	20	696
0.182687	-0.423224
-0.156218	0.0288218
0.514437	0.439417
0.26886	-0.430184
-0.586168	-0.177284
0.161149	0.299408
-0.514437	-0.439417
-0.00209807	0.336959
0.604076	-0.420461
-0.183805	0.361141
0.354118	-0.0815537
-0.358529	-0.431684
-0.604076	0.420461
0.328829	0.140407
-0.152007	-0.435562
0.358529	0.431684
0.112412	-0.542421
-0.501384	0.0566165
0.00209807	-0.336959
-0.386424	0.242176
0.222898	0.12769
-0.222898	-0.12769
0.01801	0.756049
0.711291	-0.386629
-0.000813722	0.358074
0.359444	-0.218002
-0.328829	-0.140407
-0.711291	0.386629
0.53679	0.38934
0.000813722	-0.358074
-0.152582	-0.463578
-0.515639	0.341801
0.319714	0.140075
0.156218	-0.0288218
-0.573919	-0.464357
-0.190163	0.386077
-0.319714	-0.140075
0.0176867	0.654212
0.386424	-0.242176
0.586168	0.177284
0.12861	-0.806526
-0.180295	0.114912
-0.0147878	-0.349469
-0.582872	0.452159
0.573919	0.464357
0.180295	-0.114912
-0.539894	-0.276283
0.0147878	0.349469
0.582872	-0.452159
-0.309808	-0.0909145
0.155378	0.371114
-0.599537	-0.45204
-0.0024249	0.285652
0.515639	-0.341801
0.151343	-0.380499
-0.460341	0.193197
0.599537	0.45204
-0.389571	-0.190137
0.0092659	0.419348
0.653372	-0.409591
-0.0145096	-0.763949
-0.312984	0.225867
0.389571	0.190137
-0.653372	0.409591
0.56192	0.329197
0.0024249	-0.285652
0.460341	-0.193197
-0.163146	-0.0953447
0.0145096	0.763949
0.302174	0.129114
-0.0077414	-0.620656
-0.243346	0.147834
0.199309	0.514907
0.374569	-0.26589
-0.302174	-0.129114
-0.117157	0.24001
0.554191	-0.0395277
-0.199309	-0.514907
-0.282078	-0.235238
0.00224292	0.741176
0.397501	-0.0916037
0.0519072	-0.592562
-0.233412	0.0937004
0.282078	0.235238
0.243346	-0.147834
-0.461852	-0.279153
-0.0519072	0.592562
0.461852	0.279153
0.0320343	-0.531852
-0.359444	0.218002
-0.53679	-0.38934
-0.136725	0.641186
0.233412	-0.0937004
-0.337174	0.164393
0.328249	0.206908
0.0413419	-0.646014
-0.334391	-0.26881
-0.0320343	0.531852
0.337174	-0.164393
0.0934113	-0.585722
-0.354118	0.0815537
0.334391	0.26881
-0.0413419	0.646014
0.407891	-0.205594
-0.288586	-0.200696
0.288586	0.200696
0.0290061	-0.522202
-0.330909	0.156571
0.330909	-0.156571
-0.531126	-0.382162
-0.0934113	0.585722
0.162521	-0.0753327
-0.644385	-0.33413
-0.112412	0.542421
0.531126	0.382162
0.0482963	-0.581297
-0.162521	0.0753327
0.328894	0.203947
0.0261617	-0.6039
-0.407891	0.205594
0.276386	0.16034
0.0208409	-0.665799
-0.328799	0.178755
-0.328894	-0.203947
-0.0119862	0.617058
0.311322	-0.182954
-0.311322	0.182954
0.374235	0.210126
-0.00886917	-0.643309
0.00886917	0.643309
0.252161	-0.156467
-0.276386	-0.16034
-0.106255	-0.626846
-0.500866	0.268815
0.202933	0.13174
-0.202933	-0.13174
-0.0564483	0.612713
0.31949	-0.10432
-0.31949	0.10432
0.510143	0.412438
0.213646	-0.433083
0.114172	0.404342
0.559285	-0.381331
-0.417985	-0.143444
0.417985	0.143444
-0.200394	-1.00949
-0.310167	0.326603
0.310167	-0.326603
-0.373987	-0.0160906
0.106255	0.626846
0.109607	0.459936
0.323681	-0.22786
-0.261499	-0.0662155
0.515651	-0.436305
-0.590244	-0.461943
0.00151184	0.167309
-0.00151184	-0.167309
-0.442089	0.357403
0.39518	0.32785
0.261499	0.0662155
-0.271899	-0.433601
-0.515651	0.436305
-0.01801	-0.756049
-0.296206	0.188808
0.319777	0.187666
-0.773569	0.299817
0.207634	0.267652
0.136725	-0.641186
-0.319777	-0.187666
0.0649885	0.575053
0.773569	-0.299817
0.293545	-0.162363
-0.56192	-0.329197
-0.0619952	0.663602
0.0619952	-0.663602
-0.580231	0.222543
0.277356	0.236384
0.31344	0.176159
-0.0176867	-0.654212
-0.293545	0.162363
-0.277356	-0.236384
-0.203551	0.73138
0.388136	-0.171446
-0.388136	0.171446
0.352554	0.173091
0.00348694	-0.714744
-0.00348694	0.714744
0.296206	-0.188808
-0.31344	-0.176159
-0.0092659	-0.419348
-0.445778	0.366243
0.5638	0.386403
-0.5638	-0.386403
-0.0780226	0.319311
0.580231	-0.222543
-0.29498	-0.440936
-0.335144	0.343256
0.437078	-0.0150258
0.460481	0.590265
0.203551	-0.73138
-0.437078	0.0150258
-0.232108	0.740576
0.373987	0.0160906
-0.460481	-0.590265
0.200394	1.00949
0.331905	-0.313924
-0.352554	-0.173091
-0.331905	0.313924
0.555283	0.0562475
-0.0649885	-0.575053
0.376717	-0.239664
-0.358581	-0.180908
0.0478163	0.406428
0.526301	0.323591
0.00884439	-0.477685
-0.376717	0.239664
-0.0482963	0.581297
0.213579	-0.109541
-0.526301	-0.323591
-0.0478163	-0.406428
-0.302921	0.347693
0.644385	0.33413
0.392908	-0.0318482
-0.0585835	-0.0788628
-0.12861	0.806526
-0.37089	-0.0455908
0.102885	0.790479
0.0759335	-0.0717138
-0.0759335	0.0717138
0.675031	0.204182
-0.00224292	-0.741176
0.437891	-0.237511
-0.328249	-0.206908
0.0077414	0.620656
0.259906	0.169681
0.0119862	-0.617058
-0.437891	0.237511
-0.0133136	0.551711
0.415337	-0.210733
-0.259906	-0.169681
-0.374569	0.26589
0.491172	0.33541
0.0133136	-0.551711
-0.0223003	0.548833
0.505265	-0.334711
-0.374235	-0.210126
-0.415337	0.210733
0.254699	0.191483
0.0223003	-0.548833
-0.099436	0.0462439
0.66972	0.379498
0.0927409	-0.860127
-0.491172	-0.33541
-0.112242	0.40586
0.099436	-0.0462439
-0.0927409	0.860127
0.516445	-0.19546
-0.254699	-0.191483
0.351521	-0.186263
-0.328057	-0.208062
-0.00884439	0.477685
0.401644	0.25839
0.0564483	-0.612713
-0.351521	0.186263
-0.213579	0.109541
0.629166	0.394228
0.0221297	-0.619608
-0.0221297	0.619608
0.477511	-0.263829
-0.401644	-0.25839
0.211485	0.171176
0.232108	-0.740576
-0.705327	0.21611
0.705327	-0.21611
-0.382488	-0.369617
-0.0400214	0.344823
0.0400214	-0.344823
-0.323681	0.22786
0.50086	0.296306
-0.0322273	0.453839
0.500866	-0.268815
-0.211485	-0.171176
-0.423745	0.232223
0.328057	0.208062
0.0322273	-0.453839
-0.50086	-0.296306
0.00765952	0.51228
0.423745	-0.232223
0.335144	-0.343256
-0.626931	-0.281647
-0.0872201	0.819051
0.0872201	-0.819051
-0.360021	0.00407391
0.382488	0.369617
0.135014	-0.127596
-0.710974	-0.358939
-0.019577	0.310814
-0.00765952	-0.51228
-0.178784	0.108698
0.358581	0.180908
-0.477511	0.263829
0.599184	0.345085
0.00692674	-0.299156
-0.00692674	0.299156
0.38629	-0.233003
-0.510143	-0.412438
-0.629166	-0.394228
-0.0290061	0.522202
0.453287	-0.240237
-0.453287	0.240237
0.240346	0.153641
0.016372	-0.692343
-0.016372	0.692343
0.281914	-0.17037
-0.599184	-0.345085
-0.0208409	0.665799
0.460012	-0.225687
-0.2917	-0.171799
0.2917	0.171799
-0.036781	-0.509476
-0.281914	0.17037
-0.240346	-0.153641
-0.0261617	0.6039
0.328799	-0.178755
-0.559285	0.381331
0.24223	0.127658
0.0603948	-0.631693
-0.0603948	0.631693
0.483836	-0.22498
-0.350872	-0.397583
-0.102885	-0.790479
-0.483836	0.22498
0.0713901	0.0421534
0.0435823	0.393296
0.206395	-0.261205
-0.675031	-0.204182
-0.620271	0.306869
0.49837	0.432646
-0.0435823	-0.393296
-0.0713901	-0.0421534
-0.044091	0.743908
0.620271	-0.306869
-0.551817	-0.206947
0.0843918	0.468244
0.311573	-0.45841
-0.375784	0.100404
0.0648386	0.0466113
0.0448095	-0.747823
0.0538772	-0.816696
-0.252161	0.156467
0.551817	0.206947
-0.0448095	0.747823
0.359786	-0.194181
-0.55673	-0.235964
0.55673	0.235964
-0.0568524	-0.342631
-0.321266	0.443224
0.35211	-0.075733
-0.101571	-0.0786636
-0.0538772	0.816696
0.101571	0.0786636
-0.00871749	-0.702759
-0.460012	0.225687
0.331933	-0.253181
-0.340724	-0.123842
0.00871749	0.702759
0.394879	0.173015
-0.0690083	-0.620081
-0.331933	0.253181
0.0568524	0.342631
0.581021	-0.376609
-0.394879	-0.173015
0.0690083	0.620081
0.482411	-0.484382
-0.267498	-0.182086
0.267498	0.182086
0.270284	-0.981813
-0.268191	0.0911279
0.268191	-0.0911279
-0.624257	-0.454809
-0.194297	0.481365
-0.126337	-0.359014
-0.439052	0.371012
0.340724	0.123842
-0.189287	-0.000374957
0.421132	0.416856
0.315388	-0.525783
0.348828	0.0763548
-0.319495	-0.529887
-0.315388	0.525783
0.319495	0.529887
0.112242	-0.40586
-0.554191	0.0395277
0.0534232	0.464487
0.657471	-0.465632
-0.66972	-0.379498
-0.266498	0.21436
0.729377	0.315006
-0.0534232	-0.464487
-0.348828	-0.0763548
0.0832116	0.67124
0.266498	-0.21436
-0.657471	0.465632
0.491427	0.205575
-0.0284644	-0.494201
0.68954	0.475252
0.0639967	-0.197104
-0.516445	0.19546
0.0284644	0.494201
0.352762	-0.281402
-0.68954	-0.475252
0.578561	0.629136
0.19315	-0.325783
-0.467117	0.21156
-0.0563513	0.157922
0.380462	-0.164307
-0.578561	-0.629136
-0.352762	0.281402
0.358856	0.0998214
-0.241424	-0.472678
0.467117	-0.21156
-0.0551296	-0.0252421
0.252446	0.657221
0.0551296	0.0252421
-0.0843918	-0.468244
-0.505265	0.334711
0.0475934	0.468345
0.727864	-0.228088
-0.0648386	-0.0466113
-0.451101	-0.197397
0.036781	0.509476
0.439052	-0.371012
-0.0787444	-0.481185
-0.38629	0.233003
0.451101	0.197397
0.624257	0.454809
0.044091	-0.743908
-0.329301	0.19827
0.329301	-0.19827
-0.24223	-0.127658
0.0919621	0.620886
-0.270284	0.981813
0.103582	-0.0111443
-0.49837	-0.432646
-0.729377	-0.315006
0.0466293	0.519527
0.451224	-0.325375
0.0851268	0.714175
0.311156	-0.255808
-0.491427	-0.205575
-0.451224	0.325375
0.181757	0.0909602
-0.0851268	-0.714175
0.262109	-0.16326
-0.403751	-0.228983
-0.0114043	0.532041
0.0114043	-0.532041
-0.359786	0.194181
0.495513	0.399236
-0.495513	-0.399236
-0.107406	0.361291
0.258461	-0.0659886
0.33844	0.148487
0.00276518	-0.80082
-0.262109	0.16326
0.248592	0.596557
0.284619	-0.197655
-0.33844	-0.148487
-0.258461	0.0659886
0.590244	0.461943
0.106571	-0.283504
0.403751	0.228983
0.0345517	-0.692279
-0.581021	0.376609
0.710974	0.358939
0.123308	-0.711204
-0.284619	0.197655
-0.0345517	0.692279
0.41398	-0.194742
-0.263562	-0.235703
0.263562	0.235703
0.101635	-0.666854
-0.333488	0.0271123
-0.218415	0.127489
0.384162	0.225771
-0.0175111	-0.472246
-0.600793	-0.26753
-0.101635	0.666854
0.218415	-0.127489
0.0175111	0.472246
0.4448	-0.301843
-0.514493	-0.250775
-0.0390922	-0.387936
-0.210372	0.270835
0.600793	0.26753
0.326296	-0.195044
-0.421132	-0.416856
0.0390922	0.387936
0.514493	0.250775
-0.0832116	-0.67124
-0.326296	0.195044
-0.4448	0.301843
0.316828	0.152086
-0.0466293	-0.519527
-0.11943	-0.625549
-0.311156	0.255808
0.36373	0.138689
-0.36373	-0.138689
0.0473602	0.638697
0.357004	-0.301683
-0.357004	0.301683
0.309808	0.0909145
-0.119728	-0.653394
0.36119	0.12813
-0.0877886	-0.401866
-0.359245	0.318969
0.359245	-0.318969
-0.358856	-0.0998214
0.11943	0.625549
0.119728	0.653394
0.457726	-0.333603
-0.36119	-0.12813
-0.455362	0.283557
0.163146	0.0953447
-0.0473602	-0.638697
-0.181757	-0.0909602
0.0506128	0.681874
0.455362	-0.283557
0.434923	0.173892
-0.0885437	-0.623218
-0.380462	0.164307
0.0877886	0.401866
0.298121	-0.363795
-0.434923	-0.173892
0.539894	0.276283
-0.00883263	-0.297675
-0.457726	0.333603
-0.338551	-0.275808
0.00883263	0.297675
0.44487	-0.419907
-0.354178	0.00643538
0.0585835	0.0788628
0.169231	-0.779315
0.272956	-0.754023
-0.2612	0.0132951
0.338551	0.275808
-0.169231	0.779315
0.178784	-0.108698
-0.54381	-0.229488
0.54381	0.229488
-0.109607	-0.459936
-0.301627	0.38981
0.188438	-0.015503
-0.39518	-0.32785
-0.272956	0.754023
0.626931	0.281647
0.0226537	-0.355939
-0.16198	0.159686
0.381011	-0.0025378
-0.256779	-0.250057
-0.123308	0.711204
0.445778	-0.366243
-0.175202	-0.0503946
0.287116	0.486077
0.256779	0.250057
0.0490695	-0.58787
-0.486822	0.209609
0.486822	-0.209609
-0.220094	-0.151924
-0.00276518	0.80082
-0.41398	0.194742
0.220094	0.151924
0.0266701	-0.609532
-0.0266701	0.609532
0.388731	-0.225673
-0.384162	-0.225771
-0.311037	0.216708
0.175202	0.0503946
-0.0908409	-0.699466
0.0908409	0.699466
0.312984	-0.225867
-0.26942	-0.11973
-0.340585	-0.18965
-0.0490695	0.58787
0.311037	-0.216708
0.26942	0.11973
-0.0506128	-0.681874
-0.320137	0.224153
0.320137	-0.224153
-0.316828	-0.152086
0.0287756	0.6221
-0.0287756	-0.6221
-0.388731	0.225673
0.340585	0.18965
-0.30613	-0.519415
-0.309072	0.34441
0.209403	0.0399606
-0.727864	0.228088
0.30613	0.519415
0.107406	-0.361291
-0.188438	0.015503
0.322027	0.625428
0.301627	-0.38981
0.354178	-0.00643538
-0.322027	-0.625428
-0.44487	0.419907
0.019577	-0.310814
-0.727424	0.124459
0.271899	0.433601
-0.106571	0.283504
0.727424	-0.124459
-0.248592	-0.596557
-0.0226537	0.355939
0.644441	-0.146607
-0.287116	-0.486077
0.0780226	-0.319311
-0.644441	0.146607
0.29498	0.440936
-0.103582	0.0111443
0.376042	0.690661
0.210372	-0.270835
0.333488	-0.0271123
-0.376042	-0.690661
-0.482411	0.484382
0.194297	-0.481365
-0.667298	-0.117018
0.126337	0.359014
-0.175263	0.168462
0.667298	0.117018
-0.0919621	-0.620886
-0.213646	0.433083
0.604042	0.131333
-0.114172	-0.404342
0.175263	-0.168462
-0.604042	-0.131333
0.0787444	0.481185
0.0563513	-0.157922
-0.736881	0.0817243
0.241424	0.472678
-0.0639967	0.197104
0.736881	-0.0817243
-0.252446	-0.657221
0.2612	-0.0132951
-0.303114	-0.737765
-0.298121	0.363795
-0.209403	-0.0399606
0.303114	0.737765
0.442089	-0.357403
0.501384	-0.0566165
-0.33351	-0.585474
-0.26886	0.430184
-0.392908	0.0318482
0.33351	0.585474
0.302921	-0.347693
-0.182687	0.423224
0.783819	0.00661724
-0.161149	-0.299408
0.183805	-0.361141
-0.783819	-0.00661724
0.152007	0.435562
0.189287	0.000374957
-0.486168	-0.775757
-0.206395	0.261205
-0.397501	0.0916037
0.486168	0.775757
0.117157	-0.24001
0.309072	-0.34441
-0.677329	-0.167394
0.0885437	0.623218
-0.19315	0.325783
0.677329	0.167394
-0.0475934	-0.468345
0.350872	0.397583
0.360932	-0.663467
-0.555283	-0.0562475
-0.207634	-0.267652
-0.360932	0.663467
0.37089	0.0455908
0.375784	-0.100404
-0.457403	-0.640967
-0.311573	0.45841
-0.35211	0.075733
0.457403	0.640967
0.321266	-0.443224
0.360021	-0.00407391
-0.341669	-0.945085
-0.135014	0.127596
-0.381011	0.0025378
0.341669	0.945085
0.16198	-0.159686
-0.151343	0.380499
0.811251	0.0271608
-0.155378	-0.371114
0.190163	-0.386077
-0.811251	-0.0271608
0.152582	0.463578
generation	30	696
0.161155	-0.334617
-0.103578	0.0173949
0.283401	0.255556
0.147679	-0.174419
-0.329741	-0.142868
0.179023	0.383029
-0.283401	-0.255556
-0.0192637	0.430364
0.355521	-0.234989
-0.117477	0.249944
0.339328	-0.0624253
-0.242439	-0.309579
-0.355521	0.234989
0.230641	0.117879
-0.10408	-0.333795
0.242439	0.309579
0.044298	-0.24994
-0.280069	-0.0193135
0.0192637	-0.430364
-0.26056	0.159802
0.0721333	0.0444222
-0.0721333	-0.0444222
0.0303879	0.786584
0.526947	-0.313862
-0.00634595	0.278035
0.297595	-0.130573
-0.230641	-0.117879
-0.526947	0.313862
0.588569	0.340693
0.00634595	-0.278035
-0.106703	-0.426195
-0.288965	0.115231
0.170481	0.0955762
0.103578	-0.0173949
-0.219098	-0.195388
-0.170028	0.306556
-0.170481	-0.0955762
0.0287193	0.626707
0.26056	-0.159802
0.329741	0.142868
0.0120361	-0.452386
-0.00824761	0.0223714
-0.0331808	-0.66015
-0.389386	0.286222
0.219098	0.195388
0.00824761	-0.0223714
-0.649331	-0.298045
0.0331808	0.66015
0.389386	-0.286222
-0.530257	-0.15382
0.0538809	0.169487
-0.326569	-0.416777
-0.0636589	0.375955
0.288965	-0.115231
0.124256	-0.170885
-0.552428	-0.0339902
0.326569	0.416777
-0.175306	-0.0516481
0.0386956	0.545751
0.724856	-0.437334
-0.292872	-0.571524
-0.174543	0.183974
0.175306	0.0516481
-0.724856	0.437334
0.464799	0.28673
0.0636589	-0.375955
-0.0860373	-0.248195
-0.377697	0.640884
0.552428	0.0339902
0.197141	0.0882835
-0.0247992	-0.540098
-0.182164	0.103413
0.152413	0.421696
0.217589	-0.151185
-0.197141	-0.0882835
-0.13428	0.296241
0.233051	-0.00311684
-0.152413	-0.421696
-0.285242	-0.226283
0.0171277	0.4457
0.141953	-0.0404543
0.0297578	-0.516978
-0.0145454	0.0131235
0.285242	0.226283
0.182164	-0.103413
-0.328931	-0.219199
-0.0297578	0.516978
0.328931	0.219199
0.0203621	-0.471698
-0.297595	0.130573
-0.588569	-0.340693
-0.103761	0.70998
0.0145454	-0.0131235
-0.261921	0.101893
0.204012	0.149278
0.0145173	-0.471225
-0.195872	-0.161772
-0.0203621	0.471698
0.261921	-0.101893
0.0677191	-0.41875
-0.339328	0.0624253
0.195872	0.161772
-0.0145173	0.471225
0.395291	-0.168236
-0.149808	-0.108198
0.149808	0.108198
0.0313484	-0.349396
-0.254784	0.100794
0.254784	-0.100794
-0.313994	-0.226533
-0.0677191	0.41875
0.291195	-0.148189
-0.525227	-0.223151
-0.044298	0.24994
0.313994	0.226533
0.0352045	-0.600702
-0.291195	0.148189
0.176878	0.123404
0.0375893	-0.559387
-0.395291	0.168236
0.161528	0.127471
0.040532	-0.480689
-0.238695	0.104746
-0.176878	-0.123404
-0.0163873	0.498839
0.267448	-0.142355
-0.267448	0.142355
0.159612	0.101158
-0.0065142	-0.517711
0.0065142	0.517711
0.246949	-0.114108
-0.161528	-0.127471
-0.0440569	-0.338864
-0.407114	0.196264
0.0403827	0.0263988
-0.0403827	-0.0263988
-0.0638298	0.569055
0.431907	-0.127497
-0.431907	0.127497
0.371884	0.310682
0.118212	-0.197402
0.0452907	0.299108
0.284201	-0.10689
-0.227397	-0.0935767
0.227397	0.0935767
-0.263864	-1.12371
-0.36187	0.35232
0.36187	-0.35232
-0.280558	-0.0288198
0.0440569	0.338864
0.0739476	0.333367
0.27138	-0.205188
-0.165369	-0.064741
0.33468	-0.230324
-0.308564	-0.246327
-0.0121216	0.276849
0.0121216	-0.276849
-0.279993	0.218203
0.258942	0.200282
0.165369	0.064741
-0.153532	-0.334118
-0.33468	0.230324
-0.0303879	-0.786584
-0.109203	0.0756141
0.436387	0.216509
-0.544981	0.266282
0.113049	0.127617
0.103761	-0.70998
-0.436387	-0.216509
0.0681309	0.265908
0.544981	-0.266282
0.087025	-0.0556331
-0.464799	-0.28673
-0.116104	0.660463
0.116104	-0.660463
-0.667089	0.237582
0.166526	0.149241
0.225159	0.120111
-0.0287193	-0.626707
-0.087025	0.0556331
-0.166526	-0.149241
-0.213965	0.792319
0.297356	-0.164227
-0.297356	0.164227
0.297343	0.12267
-0.0355951	-0.580999
0.0355951	0.580999
0.109203	-0.0756141
-0.225159	-0.120111
-0.0386956	-0.545751
-0.184354	0.169558
0.367766	0.201689
-0.367766	-0.201689
-0.119229	0.409749
0.667089	-0.237582
-0.223855	-0.312093
-0.195015	0.225913
0.515025	-0.0178633
0.4301	0.613334
0.213965	-0.792319
-0.515025	0.0178633
-0.173494	0.489522
0.280558	0.0288198
-0.4301	-0.613334
0.263864	1.12371
0.280782	-0.296866
-0.297343	-0.12267
-0.280782	0.296866
0.375918	0.00638683
-0.0681309	-0.265908
0.3927	-0.222315
-0.122316	-0.0735546
0.0799346	0.660424
0.538861	0.357
0.0215861	-0.335424
-0.3927	0.222315
-0.0352045	0.600702
0.0243876	0.00206798
-0.538861	-0.357
-0.0799346	-0.660424
-0.00586397	0.017341
0.525227	0.223151
0.258661	-0.015602
-0.212683	-0.232854
-0.0120361	0.452386
-0.13853	-0.000524829
0.160997	0.391793
0.169097	-0.179262
-0.169097	0.179262
0.340502	0.122856
-0.0171277	-0.4457
0.366286	-0.166497
-0.204012	-0.149278
0.0247992	0.540098
0.120965	0.0885549
0.0163873	-0.498839
-0.366286	0.166497
-0.0477226	0.555138
0.301244	-0.143577
-0.120965	-0.0885549
-0.217589	0.151185
0.257886	0.190024
0.0477226	-0.555138
-0.0212376	0.485014
0.349297	-0.226213
-0.159612	-0.101158
-0.301244	0.143577
0.0160717	0.0112369
0.0212376	-0.485014
-0.122189	0.0630769
0.359668	0.205781
-0.0150361	-0.814425
-0.257886	-0.190024
-0.090011	0.37974
0.122189	-0.0630769
0.0150361	0.814425
0.598148	-0.253978
-0.0160717	-0.0112369
0.249695	-0.122419
-0.17689	-0.127429
-0.0215861	0.335424
0.321642	0.226207
0.0638298	-0.569055
-0.249695	0.122419
-0.0243876	-0.00206798
0.540535	0.374977
0.0296739	-0.590704
-0.0296739	0.590704
0.520107	-0.270585
-0.321642	-0.226207
0.0909947	0.0744262
0.173494	-0.489522
-0.600125	0.181378
0.600125	-0.181378
-0.394805	-0.390156
-0.022586	0.266593
0.022586	-0.266593
-0.27138	0.205188
0.317665	0.189171
-0.0429176	0.394179
0.407114	-0.196264
-0.0909947	-0.0744262
-0.353123	0.168537
0.17689	0.127429
0.0429176	-0.394179
-0.317665	-0.189171
-0.00658962	0.443078
0.353123	-0.168537
0.195015	-0.225913
-0.209498	-0.0542283
-0.028282	0.650301
0.028282	-0.650301
-0.0209057	0.00374813
0.394805	0.390156
0.14541	-0.120181
-0.166096	-0.11428
-0.0517477	0.33915
0.00658962	-0.443078
-0.171001	0.076339
0.122316	0.0735546
-0.520107	0.270585
0.485752	0.263769
0.0258725	-0.341491
-0.0258725	0.341491
0.169984	-0.0858524
-0.371884	-0.310682
-0.540535	-0.374977
-0.0313484	0.349396
0.539347	-0.280607
-0.539347	0.280607
0.0119924	0.0105783
-0.0443487	-0.69189
0.0443487	0.69189
0.0574548	-0.0458511
-0.485752	-0.263769
-0.040532	0.480689
0.209897	-0.128026
-0.278113	-0.162884
0.278113	0.162884
-0.0739514	-0.545241
-0.0574548	0.0458511
-0.0119924	-0.0105783
-0.0375893	0.559387
0.238695	-0.104746
-0.284201	0.10689
0.168455	0.0969575
0.195648	-0.266395
0.180801	0.179765
-0.0514178	-0.921387
-0.195648	0.266395
0.0514178	0.921387
0.250517	-0.231736
-0.262992	-0.213095
-0.00891736	0.43789
0.0967301	-0.0960312
-0.340502	-0.122856
-0.339685	0.010309
0.405852	0.484237
0.00891736	-0.43789
-0.250517	0.231736
0.339685	-0.010309
-0.160997	-0.391793
-0.219819	-0.113664
0.048656	0.3931
0.232012	-0.201653
0.110994	0.274645
0.233931	-0.296036
-0.270354	-0.0495687
0.00902999	-0.495166
-0.246949	0.114108
0.219819	0.113664
0.0692601	0.185837
0.369014	-0.30003
-0.521495	-0.120494
0.521495	0.120494
-0.140249	-0.58792
-0.0627842	0.0909528
0.293547	-0.0546679
-0.167078	-0.126912
-0.00902999	0.495166
0.167078	0.126912
-0.0317796	-0.71524
-0.209897	0.128026
0.0307009	-0.0285046
-0.326451	-0.0774621
0.0317796	0.71524
0.384238	0.137116
-0.0756684	-0.906519
-0.0307009	0.0285046
0.140249	0.58792
0.52889	-0.392376
-0.384238	-0.137116
0.0756684	0.906519
0.367486	-0.376657
-0.00985709	-0.0182095
0.00985709	0.0182095
0.20678	-0.785465
-0.288949	0.15195
0.288949	-0.15195
-0.268105	-0.0784552
-0.111759	0.439504
-0.129082	-0.284316
-0.20373	0.212603
0.326451	0.0774621
-0.0643047	-0.00235998
0.349192	0.426145
0.247599	-0.314498
0.0451584	0.0117628
-0.256979	-0.500199
-0.247599	0.314498
0.256979	0.500199
0.090011	-0.37974
-0.233051	0.00311684
0.0330843	0.527094
0.706918	-0.414869
-0.359668	-0.205781
-0.302814	0.221904
0.784396	0.323682
-0.0330843	-0.527094
-0.0451584	-0.0117628
0.0742621	0.727462
0.302814	-0.221904
-0.706918	0.414869
0.4188	0.214877
-0.00408058	-0.527798
0.479394	0.331517
0.0465333	-0.106216
-0.598148	0.253978
0.00408058	0.527798
0.155947	-0.128177
-0.479394	-0.331517
0.303201	0.265963
0.0725716	-0.190956
-0.293552	0.161345
-0.0531347	0.175715
0.221678	-0.133485
-0.303201	-0.265963
-0.155947	0.128177
0.201627	0.0653779
-0.136826	-0.309732
0.293552	-0.161345
-0.198581	-0.0817606
0.0916368	0.28051
0.198581	0.0817606
-0.048656	-0.3931
-0.349297	0.226213
0.297766	0.0338773
-0.0692601	-0.185837
-0.233931	0.296036
-0.273399	-0.100019
0.0739514	0.545241
0.20373	-0.212603
-0.0567652	-0.324125
-0.169984	0.0858524
0.273399	0.100019
0.268105	0.0784552
-0.180801	-0.179765
-0.207994	0.183587
0.207994	-0.183587
-0.168455	-0.0969575
0.0896884	0.292099
-0.20678	0.785465
0.020943	0.0101622
-0.405852	-0.484237
-0.784396	-0.323682
0.0521832	0.553648
0.360072	-0.228987
0.0518343	0.821781
0.102134	-0.112065
-0.4188	-0.214877
-0.360072	0.228987
0.0560467	0.0462496
-0.0518343	-0.821781
0.0140265	-0.0210357
-0.434617	-0.175664
0.0672518	0.625095
-0.0672518	-0.625095
-0.369014	0.30003
0.190376	0.119456
-0.190376	-0.119456
-0.192363	0.400288
0.146218	-0.0308083
0.396764	0.169469
-0.0619237	-0.911228
-0.0140265	0.0210357
0.118473	0.280369
0.368419	-0.206236
-0.396764	-0.169469
-0.146218	0.0308083
0.308564	0.246327
0.125418	-0.28494
0.434617	0.175664
0.0217429	-0.758815
-0.52889	0.392376
0.166096	0.11428
0.0927144	-0.675041
-0.368419	0.206236
-0.0217429	0.758815
0.223141	-0.0940846
-0.34028	-0.288293
0.34028	0.288293
0.039668	-0.299559
-0.302772	0.0191924
-0.225588	0.129669
0.303284	0.18332
-0.0173226	-0.289437
-0.385171	-0.232551
-0.039668	0.299559
0.225588	-0.129669
0.0173226	0.289437
0.474982	-0.352269
-0.59015	-0.280233
-0.0145407	-0.46537
-0.10689	0.134446
0.385171	0.232551
0.0178273	-0.00141813
-0.349192	-0.426145
0.0145407	0.46537
0.59015	0.280233
-0.0742621	-0.727462
-0.0178273	0.00141813
-0.474982	0.352269
0.169766	0.0749376
-0.0521832	-0.553648
-0.167441	-0.693409
-0.102134	0.112065
0.319362	0.0849878
-0.319362	-0.0849878
0.0860373	0.248195
0.178584	-0.212006
-0.178584	0.212006
0.530257	0.15382
-0.134348	-0.75955
0.259112	0.0760326
-0.0507942	-0.319119
-0.271927	0.269192
0.271927	-0.269192
-0.201627	-0.0653779
0.167441	0.693409
0.134348	0.75955
0.371479	-0.331046
-0.259112	-0.0760326
0.292872	0.571524
0.377697	-0.640884
-0.0219553	0.00602877
-0.0560467	-0.0462496
-0.023394	0.679752
0.0219553	-0.00602877
0.284773	0.0959989
-0.0655059	-0.283419
-0.221678	0.133485
0.0507942	0.319119
0.189112	-0.234213
-0.284773	-0.0959989
0.649331	0.298045
-0.0150306	-0.162502
-0.371479	0.331046
-0.218621	-0.163816
0.0150306	0.162502
0.243653	-0.256785
-0.228309	-0.00972134
0.212683	0.232854
0.103955	-0.457729
0.129856	-0.401662
-0.258622	0.0279987
0.218621	0.163816
-0.103955	0.457729
0.171001	-0.076339
-0.337507	-0.170032
0.337507	0.170032
-0.0739476	-0.333367
-0.188201	0.290784
0.138975	-0.0185631
-0.258942	-0.200282
-0.129856	0.401662
0.209498	0.0542283
0.0552584	-0.472385
-0.0351523	0.0488351
0.0233291	0.00969834
-0.459599	-0.416217
-0.0927144	0.675041
0.184354	-0.169558
-0.0758294	-0.0176995
0.307491	0.453272
0.459599	0.416217
0.0100523	-0.435642
-0.460223	0.216797
0.460223	-0.216797
-0.141836	-0.0963006
0.0619237	0.911228
-0.223141	0.0940846
0.141836	0.0963006
0.00511867	-0.440116
-0.00511867	0.440116
0.374744	-0.229361
-0.303284	-0.18332
-0.179966	0.130636
0.0758294	0.0176995
-0.128362	-0.565284
0.128362	0.565284
0.174543	-0.183974
-0.163679	-0.0697174
-0.232248	-0.113339
-0.0100523	0.435642
0.179966	-0.130636
0.163679	0.0697174
0.023394	-0.679752
-0.170776	0.131571
0.170776	-0.131571
-0.169766	-0.0749376
0.050602	0.520728
-0.050602	-0.520728
-0.374744	0.229361
0.232248	0.113339
-0.175567	-0.279845
-0.209467	0.296972
0.179465	0.0304377
-0.297766	-0.0338773
0.175567	0.279845
0.192363	-0.400288
-0.138975	0.0185631
0.193443	0.327256
0.188201	-0.290784
0.228309	0.00972134
-0.193443	-0.327256
-0.243653	0.256785
0.0517477	-0.33915
-0.364294	0.0331752
0.153532	0.334118
-0.125418	0.28494
0.364294	-0.0331752
-0.118473	-0.280369
-0.0552584	0.472385
0.1254	-0.0113925
-0.307491	-0.453272
0.119229	-0.409749
-0.1254	0.0113925
0.223855	0.312093
-0.020943	-0.0101622
0.149621	0.416856
0.10689	-0.134446
0.302772	-0.0191924
-0.149621	-0.416856
-0.367486	0.376657
0.111759	-0.439504
-0.274651	-0.0422736
0.129082	0.284316
-0.130161	0.115048
0.274651	0.0422736
-0.0896884	-0.292099
-0.118212	0.197402
0.366892	0.0981065
-0.0452907	-0.299108
0.130161	-0.115048
-0.366892	-0.0981065
0.0567652	0.324125
0.0531347	-0.175715
-0.451982	0.000176561
0.136826	0.309732
-0.0465333	0.106216
0.451982	-0.000176561
-0.0916368	-0.28051
0.258622	-0.0279987
-0.150458	-0.411739
-0.189112	0.234213
-0.179465	-0.0304377
0.150458	0.411739
0.279993	-0.218203
0.280069	0.0193135
-0.206724	-0.436437
-0.147679	0.174419
-0.258661	0.015602
0.206724	0.436437
0.00586397	-0.017341
-0.161155	0.334617
0.373687	0.0213889
-0.179023	-0.383029
0.117477	-0.249944
-0.373687	-0.0213889
0.10408	0.333795
0.0643047	0.00235998
-0.312407	-0.512979
-0.0967301	0.0960312
-0.141953	0.0404543
0.312407	0.512979
0.13428	-0.296241
0.209467	-0.296972
-0.386802	-0.0400143
0.0655059	0.283419
-0.0725716	0.190956
0.386802	0.0400143
-0.110994	-0.274645
0.262992	0.213095
0.213981	-0.41096
-0.375918	-0.00638683
-0.113049	-0.127617
-0.213981	0.41096
0.13853	0.000524829
0.270354	0.0495687
-0.149254	-0.461845
-0.232012	0.201653
-0.293547	0.0546679
0.149254	0.461845
0.0627842	-0.0909528
0.0209057	-0.00374813
-0.195462	-0.659442
-0.14541	0.120181
-0.0233291	-0.00969834
0.195462	0.659442
0.0351523	-0.0488351
-0.124256	0.170885
0.384575	0.0462348
-0.0538809	-0.169487
0.170028	-0.306556
-0.384575	-0.0462348
0.106703	0.426195
generation	40	702
0.0972417	-0.199061
-0.288929	0.0611727
0.258512	0.224999
0.0511194	-0.0395431
-0.41611	-0.203029
0.126007	0.356647
-0.258512	-0.224999
-0.0332189	0.358661
0.343761	-0.192243
-0.0764389	0.13367
0.428361	-0.105888
-0.177827	-0.216857
-0.343761	0.192243
0.331748	0.132717
-0.063199	-0.229236
0.177827	0.216857
0.0120444	-0.0749104
-0.415331	-0.0482444
0.0332189	-0.358661
-0.23889	0.148777
0.124726	0.0653383
-0.124726	-0.0653383
0.0475191	0.675021
0.590705	-0.39029
0.00670427	0.0932351
0.319792	-0.210218
-0.331748	-0.132717
-0.590705	0.39029
0.60649	0.36696
-0.00670427	-0.0932351
-0.079918	-0.296184
-0.272966	0.173479
0.308484	0.15206
0.288929	-0.0611727
-0.167347	-0.171682
-0.113069	0.223019
-0.308484	-0.15206
0.0112046	0.537835
0.23889	-0.148777
0.41611	0.203029
-0.0100825	-0.386348
-0.00825666	0.0226414
0.00314437	-0.625587
-0.418873	0.2753
0.167347	0.171682
0.00825666	-0.0226414
-0.738794	-0.415739
-0.00314437	0.625587
0.418873	-0.2753
-0.514749	-0.18969
0.0215056	0.0805083
-0.345751	-0.383752
-0.00869198	0.25643
0.272966	-0.173479
0.0871537	-0.124804
-0.689259	0.035808
0.345751	0.383752
-0.34183	-0.0652135
0.100938	0.461771
0.698951	-0.57851
-0.301301	-0.542786
-0.106361	0.122964
0.34183	0.0652135
-0.698951	0.57851
0.563724	0.282099
0.00869198	-0.25643
-0.0538971	-0.140831
-0.315763	0.574884
0.689259	-0.035808
0.268551	0.125232
-0.000436762	-0.266245
-0.236477	0.14837
0.122122	0.312859
0.25398	-0.177938
-0.268551	-0.125232
-0.110274	0.238764
0.302386	-0.0264905
-0.122122	-0.312859
-0.292956	-0.206293
0.0382076	0.261493
0.23606	-0.0745348
0.0121399	-0.396726
-0.100062	0.0442765
0.292956	0.206293
0.236477	-0.14837
-0.405604	-0.22941
-0.0121399	0.396726
0.405604	0.22941
0.00949451	-0.242492
-0.319792	0.210218
-0.60649	-0.36696
-0.0674394	0.662059
0.100062	-0.0442765
-0.269271	0.147394
0.362878	0.204681
0.0281236	-0.479682
-0.219434	-0.148801
-0.00949451	0.242492
0.269271	-0.147394
0.0295951	-0.34565
-0.428361	0.105888
0.219434	0.148801
-0.0281236	0.479682
0.496648	-0.273751
-0.138028	-0.0858579
0.138028	0.0858579
-0.00319278	-0.232009
-0.349205	0.218483
0.349205	-0.218483
-0.278849	-0.154207
-0.0295951	0.34565
0.34489	-0.313978
-0.427588	-0.0138067
-0.0120444	0.0749104
0.278849	0.154207
-0.0394928	-0.430014
-0.34489	0.313978
0.30188	0.173805
0.0128409	-0.320007
-0.496648	0.273751
0.220598	0.146948
0.0619515	-0.400479
-0.339671	0.166716
-0.30188	-0.173805
-0.00983713	0.498982
0.273521	-0.139302
-0.273521	0.139302
0.147959	0.0790695
-0.00229094	-0.374278
0.00229094	0.374278
0.273431	-0.160398
-0.220598	-0.146948
-0.263879	0.0365254
0.0932992	0.268387
0.309454	-0.575795
-0.309454	0.575795
0.6244	-0.0511249
-0.0225382	-0.030393
-0.6244	0.0511249
0.310486	0.376031
0.0752558	-0.0942829
0.0214528	0.188929
0.293415	-0.104943
-0.494835	-0.271313
0.494835	0.271313
-0.096722	-0.78131
-0.13116	0.0752839
0.0747468	-0.499972
-0.357229	0.0803976
0.0225382	0.030393
0.0692258	0.336235
0.290503	-0.171713
-0.212669	-0.0760248
0.337857	-0.217393
-0.240801	-0.225873
-0.0107023	0.219645
0.0107023	-0.219645
-0.309982	0.236943
0.221429	0.202294
0.212669	0.0760248
-0.084305	-0.214736
-0.337857	0.217393
-0.0475191	-0.675021
-0.124477	0.0849384
0.535681	0.258324
-0.546556	0.294617
0.122001	0.117003
0.0674394	-0.662059
-0.535681	-0.258324
0.0290789	0.126348
0.546556	-0.294617
0.0376223	-0.0221125
-0.563724	-0.282099
-0.0401322	0.574884
0.0401322	-0.574884
-0.728912	0.363158
0.335554	0.181571
0.275454	0.138686
-0.0112046	-0.537835
-0.0376223	0.0221125
-0.335554	-0.181571
0.0579401	0.712688
0.114551	-0.0930997
-0.114551	0.0930997
0.215811	0.0797421
-0.0968961	-0.546782
0.0968961	0.546782
0.124477	-0.0849384
-0.275454	-0.138686
-0.100938	-0.461771
-0.109118	0.118207
0.392692	0.179861
-0.392692	-0.179861
-0.096581	0.333012
0.728912	-0.363158
-0.16504	-0.337279
-0.270065	0.171674
0.689116	0.185884
0.170838	0.385845
0.364831	-0.325073
-0.689116	-0.185884
-0.211036	0.539529
0.357229	-0.0803976
-0.170838	-0.385845
0.096722	0.78131
0.37653	-0.326791
-0.215811	-0.0797421
-0.37653	0.326791
0.462429	0.0492707
-0.0290789	-0.126348
0.257657	-0.133001
-0.250401	-0.207354
-0.114522	0.48213
0.812179	0.404021
-0.0224971	-0.522675
-0.257657	0.133001
0.0394928	0.430014
0.240813	-0.141412
-0.812179	-0.404021
-0.0257261	0.00971427
0.451373	0.519076
0.114522	-0.48213
0.0257261	-0.00971427
-0.347227	-0.286867
0.0100825	0.386348
-0.0579286	0.0019975
0.227037	0.445794
0.318735	-0.353554
-0.318735	0.353554
0.464956	0.165766
-0.0382076	-0.261493
0.453936	-0.285327
-0.362878	-0.204681
0.000436762	0.266245
0.0529509	0.0226003
0.00983713	-0.498982
-0.453936	0.285327
0.0160807	0.476265
0.397744	-0.266012
-0.0529509	-0.0226003
-0.25398	0.177938
0.256852	0.183275
-0.0160807	-0.476265
0.0193772	0.315802
0.388732	-0.24642
-0.147959	-0.0790695
-0.397744	0.266012
0.0801664	0.0372409
-0.0193772	-0.315802
-0.291286	0.145561
0.384668	0.200566
-0.0863092	-0.742751
-0.256852	-0.183275
-0.0863241	0.281032
0.291286	-0.145561
0.0863092	0.742751
0.587762	-0.396832
-0.0801664	-0.0372409
0.362517	-0.283502
-0.112071	-0.0639898
0.0224971	0.522675
0.70459	0.30067
-0.0932992	-0.268387
-0.362517	0.283502
-0.240813	0.141412
0.423541	0.275142
-0.00838214	-0.768116
0.00838214	0.768116
0.39084	-0.242874
-0.70459	-0.30067
0.0174709	0.0227868
0.211036	-0.539529
-0.669745	0.179941
0.669745	-0.179941
-0.325038	-0.265641
-0.0364443	0.248073
0.0364443	-0.248073
-0.290503	0.171713
0.297349	0.198694
-0.11741	0.451374
0.263879	-0.0365254
-0.0174709	-0.0227868
-0.308901	0.152548
0.112071	0.0639898
0.11741	-0.451374
-0.297349	-0.198694
-0.0645893	0.359764
0.308901	-0.152548
0.270065	-0.171674
-0.125723	-0.0925946
-0.120487	0.220787
-0.155368	-0.113108
0.0446867	0.633097
0.120487	-0.220787
0.177209	-0.0692445
-0.108454	-0.10333
-0.121675	0.325422
0.0645893	-0.359764
-0.184201	0.0906751
0.250401	0.207354
-0.39084	0.242874
0.640647	0.329934
0.0556107	-0.577072
-0.0556107	0.577072
0.289037	-0.140793
-0.310486	-0.376031
-0.423541	-0.275142
0.00319278	0.232009
0.6114	-0.303565
-0.6114	0.303565
0.0393102	0.0276735
-0.0118361	-0.652632
0.0118361	0.652632
0.10984	-0.0719074
-0.640647	-0.329934
-0.0619515	0.400479
0.265884	-0.137672
-0.342928	-0.185019
0.342928	0.185019
0.0165762	-0.747307
-0.10984	0.0719074
-0.0393102	-0.0276735
-0.0128409	0.320007
0.339671	-0.166716
-0.293415	0.104943
0.288351	0.180952
0.180376	-0.193061
0.2158	0.257247
0.0421434	-0.781408
-0.180376	0.193061
-0.0421434	0.781408
0.193482	-0.160169
-0.268533	-0.250732
-0.0383293	0.609405
0.0309481	-0.0338815
-0.464956	-0.165766
-0.518325	0.0241765
0.394893	0.470677
0.0383293	-0.609405
-0.193482	0.160169
0.518325	-0.0241765
-0.227037	-0.445794
-0.256127	-0.168253
0.00942355	0.199072
0.225428	-0.21399
0.149791	0.215619
0.0330799	-0.0969721
-0.368371	-0.0168282
0.0377605	-0.364164
-0.273431	0.160398
0.256127	0.168253
0.582636	-0.214012
-0.525001	-0.363825
-0.0330799	0.0969721
0.525001	0.363825
-0.0216558	-0.531925
-0.0715888	0.0863156
0.248655	-0.0392272
-0.203954	-0.160537
-0.0377605	0.364164
0.203954	0.160537
-0.0269098	-0.729692
-0.265884	0.137672
0.023664	-0.00535547
-0.41432	-0.173907
0.0269098	0.729692
0.505788	0.238117
-0.105065	-0.847261
-0.023664	0.00535547
0.0216558	0.531925
0.461061	-0.313535
-0.505788	-0.238117
0.105065	0.847261
0.376738	-0.346272
-0.0325025	-0.0201835
0.0325025	0.0201835
0.203077	-0.732276
-0.314406	0.141068
0.314406	-0.141068
-0.415562	-0.12102
-0.105777	0.275206
-0.119766	-0.282619
-0.151006	0.108945
0.41432	0.173907
-0.108268	0.0149089
0.144691	0.0785662
0.176822	-0.387376
0.13465	0.0502889
-0.170482	-0.330882
-0.176822	0.387376
0.170482	0.330882
0.0863241	-0.281032
-0.302386	0.0264905
-0.000176394	0.41118
0.643852	-0.354631
-0.384668	-0.200566
-0.456969	0.196016
0.732989	0.488202
0.000176394	-0.41118
-0.13465	-0.0502889
-0.16678	0.415654
0.456969	-0.196016
-0.643852	0.354631
0.625497	0.292718
0.0726797	-0.563386
0.222827	-0.117058
-0.452897	-0.178954
0.146849	0.243178
-0.0726797	0.563386
0.202724	-0.139509
-0.146849	-0.243178
0.309485	0.213268
0.0575255	-0.159118
-0.376644	0.186374
-0.0118266	0.0727577
0.254949	-0.18785
-0.309485	-0.213268
-0.202724	0.139509
0.258515	0.0696259
-0.126746	-0.220726
0.376644	-0.186374
-0.299996	-0.164876
-0.00142165	0.0377555
0.299996	0.164876
-0.00942355	-0.199072
-0.388732	0.24642
0.165994	-0.34754
-0.582636	0.214012
0.174401	0.0790186
-0.422415	-0.228585
-0.0165762	0.747307
0.151006	-0.108945
-0.0279113	-0.176587
-0.289037	0.140793
0.422415	0.228585
0.415562	0.12102
-0.2158	-0.257247
-0.107824	0.116766
0.107824	-0.116766
-0.288351	-0.180952
0.0322042	0.192728
-0.203077	0.732276
0.0557125	0.00335275
-0.394893	-0.470677
-0.732989	-0.488202
0.0173391	0.235629
0.553611	-0.286206
0.017074	0.67509
0.0427986	-0.034041
-0.625497	-0.292718
-0.553611	0.286206
0.223257	0.169458
-0.017074	-0.67509
0.202549	-0.139697
-0.725775	-0.276095
0.10845	0.371638
-0.10845	-0.371638
-0.165994	0.34754
0.200808	0.116418
-0.200808	-0.116418
-0.1924	0.310141
0.280296	-0.0562798
0.446503	0.217559
-0.00556037	-0.885758
-0.202549	0.139697
0.0432661	0.122778
0.448077	-0.281094
-0.446503	-0.217559
-0.280296	0.0562798
0.240801	0.225873
0.102764	-0.231136
0.725775	0.276095
0.0233797	-0.831754
-0.461061	0.313535
0.108454	0.10333
0.0566677	-0.714765
-0.448077	0.281094
-0.0233797	0.831754
0.451814	-0.192044
-0.343475	-0.299821
0.343475	0.299821
0.0178973	-0.0927711
-0.375081	0.0134606
-0.294402	0.206091
0.475931	0.198227
-0.100436	-0.536203
-0.520348	-0.313994
-0.0178973	0.0927711
0.294402	-0.206091
0.100436	0.536203
0.508313	-0.495806
-0.570761	-0.0662595
0.143553	-0.49456
-0.0230824	0.0173915
0.520348	0.313994
-0.295003	-0.541708
-0.143553	0.49456
0.570761	0.0662595
0.16678	-0.415654
-0.144691	-0.0785662
0.295003	0.541708
-0.508313	0.495806
0.624593	0.241044
-0.0173391	-0.235629
-0.134377	-0.891946
-0.0427986	0.034041
0.549	0.139166
-0.549	-0.139166
0.0538971	0.140831
0.294055	-0.289979
-0.294055	0.289979
0.514749	0.18969
-0.123719	-0.879985
0.507072	0.183686
-0.0219694	-0.0877993
-0.346641	0.322538
0.346641	-0.322538
-0.258515	-0.0696259
0.134377	0.891946
0.123719	0.879985
0.321692	-0.246951
-0.507072	-0.183686
0.301301	0.542786
0.315763	-0.574884
-0.0896017	0.0237076
-0.223257	-0.169458
-0.0335417	0.514757
0.0896017	-0.0237076
0.443157	0.140622
-0.0384564	-0.132671
-0.254949	0.18785
0.0219694	0.0877993
0.180315	-0.208337
-0.443157	-0.140622
0.738794	0.415739
-0.0129382	-0.0847177
-0.321692	0.246951
-0.294395	-0.172516
0.0129382	0.0847177
0.151446	-0.161069
-0.251234	0.0343297
0.347227	0.286867
0.0528723	-0.321656
0.0710853	-0.258652
-0.363085	0.0243623
0.294395	0.172516
-0.0528723	0.321656
0.184201	-0.0906751
-0.269836	-0.141184
0.269836	0.141184
-0.0692258	-0.336235
-0.194045	0.217045
0.21498	-0.0100267
-0.221429	-0.202294
-0.0710853	0.258652
0.125723	0.0925946
0.0686785	-0.408218
-0.150133	0.200274
0.0289395	0.00264577
-0.528056	-0.333859
-0.0566677	0.714765
0.109118	-0.118207
-0.343751	-0.0777616
0.24316	0.402805
0.528056	0.333859
-0.0154791	-0.591011
-0.428752	0.226402
0.428752	-0.226402
-0.44757	-0.274439
0.00556037	0.885758
-0.451814	0.192044
0.44757	0.274439
-0.00705932	-0.208412
0.00705932	0.208412
0.618469	-0.444469
-0.475931	-0.198227
-0.204375	0.161543
0.343751	0.0777616
-0.0962599	-0.444466
0.0962599	0.444466
0.106361	-0.122964
-0.318084	-0.127286
-0.249433	-0.109908
0.0154791	0.591011
0.204375	-0.161543
0.318084	0.127286
0.0335417	-0.514757
-0.101394	0.0786646
0.101394	-0.0786646
-0.624593	-0.241044
0.0619291	0.544723
-0.0619291	-0.544723
-0.618469	0.444469
0.249433	0.109908
-0.0741196	-0.235057
-0.245994	0.264392
0.318694	0.0809831
-0.174401	-0.0790186
0.0741196	0.235057
0.1924	-0.310141
-0.21498	0.0100267
0.159775	0.280126
0.194045	-0.217045
0.251234	-0.0343297
-0.159775	-0.280126
-0.151446	0.161069
0.121675	-0.325422
-0.39159	-0.0248801
0.084305	0.214736
-0.102764	0.231136
0.39159	0.0248801
-0.0432661	-0.122778
-0.0686785	0.408218
0.162069	-0.0081395
-0.24316	-0.402805
0.096581	-0.333012
-0.162069	0.0081395
0.16504	0.337279
-0.0557125	-0.00335275
0.150452	0.402834
0.0230824	-0.0173915
0.375081	-0.0134606
-0.150452	-0.402834
-0.376738	0.346272
0.105777	-0.275206
-0.385405	-0.0867321
0.119766	0.282619
-0.096162	0.0731242
0.385405	0.0867321
-0.0322042	-0.192728
-0.0752558	0.0942829
0.496356	0.152933
-0.0214528	-0.188929
0.096162	-0.0731242
-0.496356	-0.152933
0.0279113	0.176587
0.0118266	-0.0727577
-0.222827	0.117058
0.126746	0.220726
0.452897	0.178954
0.00142165	-0.0377555
-0.587762	0.396832
0.363085	-0.0243623
-0.0972406	-0.248365
-0.180315	0.208337
-0.318694	-0.0809831
0.0972406	0.248365
0.309982	-0.236943
0.415331	0.0482444
-0.000212965	-0.0404727
-0.0511194	0.0395431
0.000212965	0.0404727
0.427588	0.0138067
-0.451373	-0.519076
-0.0972417	0.199061
0.441832	0.00258099
-0.126007	-0.356647
0.0764389	-0.13367
-0.441832	-0.00258099
0.063199	0.229236
0.108268	-0.0149089
-0.298052	-0.467912
-0.0309481	0.0338815
-0.23606	0.0745348
0.298052	0.467912
0.110274	-0.238764
0.245994	-0.264392
-0.468452	-0.0518651
0.0384564	0.132671
-0.0575255	0.159118
0.468452	0.0518651
-0.149791	-0.215619
0.268533	0.250732
0.177049	-0.353233
-0.462429	-0.0492707
-0.122001	-0.117003
-0.177049	0.353233
0.0579286	-0.0019975
0.368371	0.0168282
-0.195139	-0.357653
-0.225428	0.21399
-0.248655	0.0392272
0.195139	0.357653
0.0715888	-0.0863156
-0.0446867	-0.633097
-0.177209	0.0692445
0.325038	0.265641
-0.0289395	-0.00264577
0.155368	0.113108
0.150133	-0.200274
-0.0871537	0.124804
0.451645	0.0388932
-0.0215056	-0.0805083
0.113069	-0.223019
-0.451645	-0.0388932
0.079918	0.296184
-0.364831	0.325073
0.237983	0.130549
-0.0579401	-0.712688
0.13116	-0.0752839
-0.237983	-0.130549
-0.0747468	0.499972
