generation	0	600
5
33
6
17
39
0
2
18
12
14
100
15
8
26
9
11
113
3
7
38
21
20
162
27
29
89
13
23
90
24
35
53
36
1
44
30
32
178
19
4
224
45
47
48
34
41
534
42
43
511
54
56
65
31
50
66
51
62
189
63
68
580
57
59
172
52
55
523
60
74
233
84
77
240
69
80
389
72
83
230
75
86
92
78
71
87
81
85
97
25
28
167
82
98
232
102
101
88
93
110
10
96
95
119
105
104
307
108
107
114
99
116
221
16
109
216
111
123
322
103
131
315
323
117
235
126
125
245
129
128
349
120
149
280
135
134
262
138
137
305
141
140
324
144
143
204
147
146
199
132
550
277
159
161
469
156
155
596
553
152
296
153
22
187
168
170
225
91
164
209
165
179
64
174
173
194
180
188
37
171
176
200
183
182
206
186
185
163
177
58
561
192
191
195
175
193
288
201
203
148
181
197
271
198
145
207
184
205
329
169
215
299
219
218
260
210
115
264
213
212
222
112
220
541
40
166
330
228
227
335
79
236
94
70
239
124
231
242
246
234
73
252
237
248
425
127
238
257
243
254
395
255
241
392
249
251
407
247
263
283
214
269
136
258
217
306
267
266
300
261
281
202
273
272
293
276
275
151
285
284
133
270
287
259
279
278
297
282
196
555
291
290
294
274
292
474
160
286
547
211
268
314
303
302
433
139
265
106
309
308
321
312
311
320
301
121
362
318
317
430
313
310
118
122
142
439
327
326
331
208
226
328
339
338
384
229
341
443
333
332
436
336
350
424
345
344
428
351
359
130
342
347
457
354
353
369
357
356
360
348
358
365
316
368
383
361
371
372
363
355
473
366
367
482
375
374
441
378
377
435
381
380
431
364
334
496
387
386
390
76
388
399
253
398
402
250
401
444
393
391
499
396
394
449
408
410
422
256
404
417
405
416
426
420
419
530
411
409
517
414
413
423
406
421
343
244
412
597
346
434
319
382
440
304
429
379
340
438
437
325
432
376
493
337
397
503
450
452
505
403
446
525
447
464
471
456
455
352
459
458
599
468
467
569
453
470
476
462
461
154
465
454
477
370
295
560
466
472
570
480
479
487
373
488
575
489
494
481
483
485
501
498
497
442
486
500
385
492
491
400
495
490
589
445
518
448
507
506
524
510
509
49
519
521
531
516
515
418
504
512
536
513
527
67
508
451
586
522
533
595
415
514
544
528
46
538
520
545
535
540
539
223
546
554
532
537
542
298
549
548
150
552
551
158
543
289
563
558
557
564
475
190
577
556
559
583
567
566
571
463
478
568
573
572
592
484
584
562
579
578
61
585
593
565
576
581
526
588
587
502
591
590
574
582
598
529
157
427
594
460
generation	10	696
654
33
6
650
39
656
2
18
12
657
100
15
8
26
659
11
113
648
7
38
21
20
162
27
29
89
13
23
90
24
695
53
36
1
44
693
32
178
19
4
224
45
47
48
34
41
534
42
43
511
692
56
65
31
690
66
51
62
189
63
68
580
57
59
172
52
55
523
60
74
233
84
77
240
69
665
392
72
83
230
663
86
92
78
71
87
81
85
97
25
28
167
82
98
232
102
101
88
93
110
10
96
95
119
105
104
307
108
107
114
99
116
221
16
109
216
111
123
322
103
131
315
323
117
235
126
125
245
129
128
349
120
149
280
135
134
262
138
137
305
630
632
324
144
143
204
147
146
202
132
550
277
159
161
469
156
155
647
553
152
608
153
22
187
168
170
675
91
164
209
165
179
64
174
173
194
180
188
37
171
176
199
183
182
206
186
185
163
177
58
561
192
191
615
175
617
288
200
203
181
197
271
148
198
145
207
184
205
674
169
215
299
219
218
260
210
115
264
213
212
653
112
651
541
40
677
330
228
227
335
79
236
94
70
239
124
231
242
246
234
73
252
237
248
425
127
238
257
243
254
395
255
241
391
249
251
407
247
263
283
214
269
136
258
217
306
267
266
300
261
281
201
273
272
293
276
275
151
285
284
133
270
287
259
279
278
297
282
196
555
291
290
684
274
686
474
606
286
547
211
268
314
303
302
433
139
265
106
309
308
321
312
311
320
301
121
362
318
317
430
313
310
118
122
142
439
327
326
331
672
226
328
339
338
662
229
341
443
333
332
436
336
350
424
680
678
428
351
359
130
342
347
457
354
353
369
683
681
360
348
358
365
316
368
383
361
371
372
363
355
473
366
367
623
375
374
441
378
377
435
624
626
431
364
660
496
389
399
390
386
388
253
76
398
402
250
401
444
393
387
499
396
394
449
408
410
639
256
404
417
405
416
669
420
636
530
411
409
517
638
413
423
641
421
343
244
671
597
346
434
319
382
635
304
429
379
340
438
437
325
629
376
618
337
397
503
450
452
505
403
446
525
447
464
471
456
455
352
459
458
599
468
467
569
453
611
476
462
461
154
609
454
477
370
295
560
466
472
570
480
479
487
621
488
575
489
494
481
483
485
501
498
497
620
486
500
385
492
491
400
495
490
589
445
518
448
507
506
524
510
509
49
519
521
531
516
515
418
504
512
536
513
527
67
508
451
586
522
533
668
415
514
644
528
46
538
520
545
535
605
603
223
546
554
642
537
542
298
549
548
150
602
600
158
543
289
612
689
687
564
475
190
577
614
559
583
567
566
571
463
478
568
573
572
592
484
584
562
579
578
61
585
593
565
576
581
526
588
587
502
591
590
574
582
598
666
645
427
594
460
552
604
551
540
601
539
296
610
160
470
607
465
556
616
563
193
613
195
442
622
493
482
619
373
380
628
381
633
625
440
140
634
141
627
631
432
414
640
419
406
637
422
544
646
532
596
643
157
17
652
3
222
649
220
0
658
5
9
655
14
384
664
334
80
661
75
595
670
529
412
667
426
329
676
208
166
673
225
345
682
344
357
679
356
292
688
294
558
685
557
54
694
50
35
691
30
generation	20	696
654
33
6
650
39
656
2
18
12
657
100
15
8
26
659
11
113
648
7
38
21
20
162
27
29
89
13
23
90
24
695
53
36
1
44
693
32
178
19
4
224
45
47
48
34
41
534
42
43
511
692
56
65
31
690
66
51
62
189
63
68
580
57
59
172
52
55
523
60
74
233
84
77
240
69
665
392
72
83
230
663
86
92
78
71
87
81
85
97
25
28
167
82
98
232
102
101
88
93
110
10
96
95
119
105
104
307
108
107
114
99
116
221
16
109
216
111
123
322
103
131
315
323
117
235
126
125
245
129
128
349
120
149
280
135
134
262
138
137
305
630
632
324
144
143
204
147
146
202
132
550
277
159
161
469
156
155
647
553
152
608
153
22
187
168
170
675
91
164
209
165
179
64
174
173
194
180
188
37
171
176
199
183
182
206
186
185
163
177
58
561
192
191
615
175
617
288
200
203
181
197
271
148
198
145
207
184
205
674
169
215
299
219
218
260
210
115
264
213
212
653
112
651
541
40
677
330
228
227
335
79
236
94
70
239
124
231
242
246
234
73
252
237
248
425
127
238
257
243
254
395
255
241
391
249
251
407
247
263
283
214
269
136
258
217
306
267
266
300
261
281
201
273
272
293
276
275
151
285
284
133
270
287
259
279
278
297
282
196
555
291
290
684
274
686
474
606
286
547
211
268
314
303
302
433
139
265
106
309
308
321
312
311
320
301
121
362
318
317
430
313
310
118
122
142
439
327
326
331
672
226
328
339
338
662
229
341
443
333
332
436
336
350
424
680
678
428
351
359
130
342
347
457
354
353
369
683
681
360
348
358
365
316
368
383
361
371
372
363
355
473
366
367
623
375
374
441
378
377
435
624
626
431
364
660
496
389
399
390
386
388
253
76
398
402
250
401
444
393
387
499
396
394
449
408
410
639
256
404
417
405
416
669
420
636
530
411
409
517
638
413
423
641
421
343
244
671
597
346
434
319
382
635
304
429
379
340
438
437
325
629
376
618
337
397
503
450
452
505
403
446
525
447
464
471
456
455
352
459
458
599
468
467
569
453
611
476
462
461
154
609
454
477
370
295
560
466
472
570
480
479
487
621
488
575
489
494
481
483
485
501
498
497
620
486
500
385
492
491
400
495
490
589
445
518
448
507
506
524
510
509
49
519
521
531
516
515
418
504
512
536
513
527
67
508
451
586
522
533
668
415
514
644
528
46
538
520
545
535
605
603
223
546
554
642
537
542
298
549
548
150
602
600
158
543
289
612
689
687
564
475
190
577
614
559
583
567
566
571
463
478
568
573
572
592
484
584
562
579
578
61
585
593
565
576
581
526
588
587
502
591
590
574
582
598
666
645
427
594
460
552
604
551
540
601
539
296
610
160
470
607
465
556
616
563
193
613
195
442
622
493
482
619
373
380
628
381
633
625
440
140
634
141
627
631
432
414
640
419
406
637
422
544
646
532
596
643
157
17
652
3
222
649
220
0
658
5
9
655
14
384
664
334
80
661
75
595
670
529
412
667
426
329
676
208
166
673
225
345
682
344
357
679
356
292
688
294
558
685
557
54
694
50
35
691
30
generation	30	696
654
33
6
650
39
656
2
18
12
657
100
15
8
26
659
11
113
648
7
38
21
20
162
27
29
89
13
23
90
24
695
53
36
1
44
693
32
178
19
4
224
45
47
48
34
41
534
42
43
511
692
56
65
31
690
68
51
62
189
63
522
580
57
59
172
52
508
523
55
74
233
84
77
240
69
665
392
72
83
230
663
86
92
78
71
87
81
85
97
25
28
167
82
98
232
102
101
88
93
110
10
96
95
119
105
104
307
108
107
114
99
116
221
16
109
216
111
123
322
103
131
315
323
117
235
126
125
245
129
128
349
120
149
280
135
134
262
138
137
305
630
632
324
144
143
204
147
146
202
132
550
277
159
161
469
156
155
647
553
152
608
153
22
187
168
170
675
91
164
209
165
179
64
174
173
194
180
188
37
171
176
199
183
182
206
186
185
163
177
58
561
192
191
615
175
617
288
200
203
181
197
271
148
198
145
207
184
205
674
169
215
299
219
218
260
210
115
264
213
212
653
112
651
541
40
677
341
228
227
335
79
236
94
70
239
124
231
242
246
234
73
252
237
248
425
127
238
257
243
254
395
255
241
391
249
251
407
247
263
283
214
269
136
258
217
306
267
266
300
261
281
201
273
272
293
276
275
151
285
284
133
270
287
259
279
278
297
282
196
555
291
290
684
274
686
474
606
286
547
211
268
314
303
302
433
139
265
106
309
308
321
312
311
320
301
121
362
318
317
430
313
310
118
122
142
439
329
436
330
326
328
339
672
338
662
229
340
443
333
331
336
226
350
424
680
671
428
678
359
130
342
427
457
354
353
369
683
681
360
348
358
365
316
368
383
361
371
372
363
355
473
366
367
623
375
374
441
378
377
435
624
626
431
364
660
496
389
399
390
386
388
253
76
398
402
250
401
444
393
387
499
396
394
449
408
410
639
256
404
417
405
416
669
420
636
530
411
409
517
638
413
423
641
421
343
244
597
351
346
434
319
382
635
304
429
379
327
438
437
325
629
376
618
337
397
503
450
452
505
403
446
525
447
464
471
456
455
352
459
458
599
468
467
569
453
611
476
462
461
154
609
454
477
370
295
560
466
472
570
480
479
487
621
488
575
489
494
481
483
485
501
498
497
620
486
500
385
492
491
400
495
490
589
445
518
448
507
506
66
510
509
49
519
521
531
516
515
418
504
512
536
513
60
67
527
451
586
524
533
668
415
514
644
528
46
538
520
545
535
605
603
223
546
554
642
537
542
298
549
548
150
602
600
158
543
289
612
689
687
564
475
190
577
614
559
583
567
566
571
463
478
568
573
572
592
484
584
562
579
578
61
585
593
565
576
581
526
588
587
502
591
590
574
582
598
666
645
426
594
460
552
604
551
540
601
539
296
610
160
470
607
465
556
616
563
193
613
195
442
622
493
482
619
373
380
628
381
633
625
440
140
634
141
627
631
432
414
640
419
406
637
422
544
646
532
596
643
157
17
652
3
222
649
220
0
658
5
9
655
14
384
664
334
80
661
75
595
670
529
412
667
345
332
676
208
166
673
225
347
682
344
357
679
356
292
688
294
558
685
557
54
694
50
35
691
30
generation	40	702
654
33
6
650
39
656
2
18
12
657
100
15
8
26
659
11
113
648
7
38
21
20
162
27
29
89
13
23
90
24
695
53
36
1
44
693
32
178
19
4
224
45
47
48
34
41
534
42
43
511
692
56
65
31
690
68
51
62
189
63
522
580
57
59
172
52
508
523
55
74
233
84
77
240
69
665
392
72
83
230
663
86
92
78
71
87
81
85
97
25
28
167
82
98
232
102
101
88
93
110
10
96
95
119
105
104
307
108
107
114
99
116
652
16
109
216
111
123
322
103
131
315
323
117
235
126
125
245
129
128
349
120
280
262
135
134
138
149
136
305
630
632
324
144
143
204
699
701
202
137
550
277
159
161
469
156
155
647
553
152
608
153
22
187
168
170
675
91
164
209
165
179
64
174
173
194
180
188
37
171
176
698
183
182
206
186
185
163
177
58
561
192
191
615
175
617
288
200
203
696
197
271
148
198
145
207
184
205
674
169
215
299
221
218
260
210
115
264
213
222
653
212
219
541
40
677
341
228
227
335
79
236
94
70
239
124
231
242
246
234
73
252
237
248
425
127
238
257
243
254
395
255
241
391
249
251
641
247
263
283
214
269
133
258
217
306
267
266
300
261
281
201
273
272
686
276
275
151
285
284
132
270
287
259
279
278
297
282
196
555
293
688
684
290
685
474
606
286
547
211
268
314
303
302
433
139
265
106
309
308
321
312
311
320
301
121
362
318
317
430
313
310
118
122
142
439
329
436
330
326
328
339
672
338
662
229
340
443
333
331
336
226
350
424
680
671
353
678
359
130
342
427
354
346
352
369
683
681
360
348
358
365
316
368
383
361
371
372
363
355
473
366
367
623
375
374
441
378
377
435
624
626
431
364
660
499
389
399
390
386
388
253
76
398
402
250
401
444
393
387
498
396
394
449
408
637
639
410
404
417
407
416
669
420
636
530
411
409
517
638
413
423
640
421
343
244
457
351
597
434
319
382
635
304
429
379
327
438
437
325
629
376
618
337
397
503
450
452
505
403
446
525
447
464
471
456
455
426
459
458
599
468
467
569
453
611
476
462
461
154
609
454
477
370
295
560
466
472
570
480
479
487
621
488
575
489
494
481
483
485
501
497
496
620
486
500
492
491
400
385
495
490
589
445
518
448
507
506
66
510
509
49
519
521
531
516
515
418
504
512
536
513
60
67
527
451
586
524
533
668
415
514
644
528
46
538
520
545
535
605
603
223
546
554
642
537
542
298
549
548
150
602
600
158
543
289
612
689
687
564
475
190
577
614
559
583
567
566
571
463
478
568
573
572
592
484
584
562
579
578
61
585
593
565
576
581
526
588
587
502
591
590
574
582
598
666
645
428
594
460
552
604
551
540
601
539
296
610
160
470
607
465
556
616
563
193
613
195
442
622
493
482
619
373
380
628
381
633
625
440
140
634
141
627
631
432
414
405
419
406
422
256
544
646
532
596
643
157
17
651
3
649
112
220
0
658
5
9
655
14
384
664
334
80
661
75
595
670
529
412
667
345
332
676
208
166
673
225
347
682
344
357
679
356
292
294
274
558
291
557
54
694
50
35
691
30
199
700
181
146
697
147
