generation	0	600
3
34
7
15
40
1
0
19
13
12
101
16
6
24
10
9
111
4
8
36
22
18
163
28
27
87
14
21
91
25
33
51
37
2
42
31
30
179
20
5
222
46
45
49
35
39
535
43
44
512
55
54
63
32
48
67
52
60
190
64
66
581
58
57
173
53
56
524
61
72
231
85
75
241
70
78
387
73
81
228
76
84
90
79
69
88
82
86
98
26
29
165
83
96
233
103
99
89
94
108
11
97
93
117
106
102
308
109
105
115
100
114
219
17
110
217
112
124
323
104
129
316
321
118
236
127
123
243
130
126
350
121
147
281
136
132
263
139
135
303
142
138
325
145
141
205
148
144
200
133
551
278
160
159
470
157
153
594
554
150
294
154
23
188
169
168
226
92
162
207
166
177
65
175
171
192
181
186
38
172
174
198
184
180
204
187
183
164
178
59
562
193
189
196
176
194
289
202
201
149
182
195
272
199
146
208
185
206
327
170
213
297
220
216
258
211
116
265
214
210
223
113
221
542
41
167
331
229
225
333
80
234
95
71
237
125
232
240
247
235
74
253
238
246
423
128
239
255
244
252
393
256
242
390
250
249
405
248
261
284
215
267
137
259
218
307
268
264
301
262
279
203
274
270
291
277
273
152
286
282
134
271
285
260
280
276
298
283
197
556
292
288
295
275
293
475
161
287
548
212
269
312
304
300
434
140
266
107
310
306
322
313
309
318
302
122
360
319
315
431
314
311
119
120
143
440
328
324
332
209
227
329
340
336
385
230
339
441
334
330
437
337
348
425
346
342
426
352
357
131
343
345
458
355
351
370
358
354
361
349
359
363
317
366
381
362
369
373
364
356
471
367
368
480
376
372
442
379
375
436
382
378
429
365
335
497
388
384
391
77
389
400
254
396
403
251
399
445
394
392
500
397
395
447
409
408
420
257
402
418
406
414
427
421
417
528
412
410
518
415
411
424
407
422
344
245
413
598
347
432
320
383
438
305
430
380
341
439
435
326
433
377
494
338
398
501
451
450
506
404
444
526
448
462
472
457
453
353
460
456
597
469
465
567
454
468
474
463
459
155
466
455
478
371
296
558
467
473
571
481
477
488
374
486
573
490
492
482
484
483
502
499
495
443
487
498
386
493
489
401
496
491
590
446
516
449
508
504
522
511
507
50
520
519
532
517
513
419
505
510
534
514
525
68
509
452
587
523
531
596
416
515
545
529
47
539
521
543
536
541
537
224
547
552
533
538
540
299
550
546
151
553
549
156
544
290
561
559
555
565
476
191
578
557
560
584
568
564
572
464
479
569
574
570
593
485
582
563
580
576
62
586
591
566
577
579
527
589
585
503
592
588
575
583
599
530
158
428
595
461
generation	10	696
655
34
7
648
40
654
0
19
13
658
101
16
6
24
657
9
111
649
8
36
22
18
163
28
27
87
14
21
91
25
693
51
37
2
42
694
30
179
20
5
222
46
45
49
35
39
535
43
44
512
690
54
63
32
691
67
52
60
190
64
66
581
58
57
173
53
56
524
61
72
231
85
75
241
70
663
390
73
81
228
664
84
90
79
69
88
82
86
98
26
29
165
83
96
233
103
99
89
94
108
11
97
93
117
106
102
308
109
105
115
100
114
219
17
110
217
112
124
323
104
129
316
321
118
236
127
123
243
130
126
350
121
147
281
136
132
263
139
135
303
631
630
325
145
141
205
148
144
203
133
551
278
160
159
470
157
153
645
554
150
606
154
23
188
169
168
676
92
162
207
166
177
65
175
171
192
181
186
38
172
174
200
184
180
204
187
183
164
178
59
562
193
189
616
176
615
289
198
201
182
195
272
149
199
146
208
185
206
672
170
213
297
220
216
258
211
116
265
214
210
651
113
652
542
41
675
331
229
225
333
80
234
95
71
237
125
232
240
247
235
74
253
238
246
423
128
239
255
244
252
393
256
242
392
250
249
405
248
261
284
215
267
137
259
218
307
268
264
301
262
279
202
274
270
291
277
273
152
286
282
134
271
285
260
280
276
298
283
197
556
292
288
685
275
684
475
607
287
548
212
269
312
304
300
434
140
266
107
310
306
322
313
309
318
302
122
360
319
315
431
314
311
119
120
143
440
328
324
332
673
227
329
340
336
660
230
339
441
334
330
437
337
348
425
678
679
426
352
357
131
343
345
458
355
351
370
681
682
361
349
359
363
317
366
381
362
369
373
364
356
471
367
368
621
376
372
442
379
375
436
625
624
429
365
661
497
387
400
391
384
389
254
77
396
403
251
399
445
394
388
500
397
395
447
409
408
640
257
402
418
406
414
670
421
637
528
412
410
518
636
411
424
639
422
344
245
669
598
347
432
320
383
633
305
430
380
341
439
435
326
627
377
619
338
398
501
451
450
506
404
444
526
448
462
472
457
453
353
460
456
597
469
465
567
454
609
474
463
459
155
610
455
478
371
296
558
467
473
571
481
477
488
622
486
573
490
492
482
484
483
502
499
495
618
487
498
386
493
489
401
496
491
590
446
516
449
508
504
522
511
507
50
520
519
532
517
513
419
505
510
534
514
525
68
509
452
587
523
531
666
416
515
642
529
47
539
521
543
536
603
604
224
547
552
643
538
540
299
550
546
151
600
601
156
544
290
613
687
688
565
476
191
578
612
560
584
568
564
572
464
479
569
574
570
593
485
582
563
580
576
62
586
591
566
577
579
527
589
585
503
592
588
575
583
599
667
646
428
595
461
553
605
549
541
602
537
294
611
161
468
608
466
557
617
561
194
614
196
443
623
494
480
620
374
378
629
382
634
626
438
138
635
142
628
632
433
415
641
417
407
638
420
545
647
533
594
644
158
15
653
4
223
650
221
1
659
3
10
656
12
385
665
335
78
662
76
596
671
530
413
668
427
327
677
209
167
674
226
346
683
342
358
680
354
293
689
295
559
686
555
55
695
48
33
692
31
generation	20	696
655
34
7
648
40
654
0
19
13
658
101
16
6
24
657
9
111
649
8
36
22
18
163
28
27
87
14
21
91
25
693
51
37
2
42
694
30
179
20
5
222
46
45
49
35
39
535
43
44
512
690
54
63
32
691
67
52
60
190
64
66
581
58
57
173
53
56
524
61
72
231
85
75
241
70
663
390
73
81
228
664
84
90
79
69
88
82
86
98
26
29
165
83
96
233
103
99
89
94
108
11
97
93
117
106
102
308
109
105
115
100
114
219
17
110
217
112
124
323
104
129
316
321
118
236
127
123
243
130
126
350
121
147
281
136
132
263
139
135
303
631
630
325
145
141
205
148
144
203
133
551
278
160
159
470
157
153
645
554
150
606
154
23
188
169
168
676
92
162
207
166
177
65
175
171
192
181
186
38
172
174
200
184
180
204
187
183
164
178
59
562
193
189
616
176
615
289
198
201
182
195
272
149
199
146
208
185
206
672
170
213
297
220
216
258
211
116
265
214
210
651
113
652
542
41
675
331
229
225
333
80
234
95
71
237
125
232
240
247
235
74
253
238
246
423
128
239
255
244
252
393
256
242
392
250
249
405
248
261
284
215
267
137
259
218
307
268
264
301
262
279
202
274
270
291
277
273
152
286
282
134
271
285
260
280
276
298
283
197
556
292
288
685
275
684
475
607
287
548
212
269
312
304
300
434
140
266
107
310
306
322
313
309
318
302
122
360
319
315
431
314
311
119
120
143
440
328
324
332
673
227
329
340
336
660
230
339
441
334
330
437
337
348
425
678
679
426
352
357
131
343
345
458
355
351
370
681
682
361
349
359
363
317
366
381
362
369
373
364
356
471
367
368
621
376
372
442
379
375
436
625
624
429
365
661
497
387
400
391
384
389
254
77
396
403
251
399
445
394
388
500
397
395
447
409
408
640
257
402
418
406
414
670
421
637
528
412
410
518
636
411
424
639
422
344
245
669
598
347
432
320
383
633
305
430
380
341
439
435
326
627
377
619
338
398
501
451
450
506
404
444
526
448
462
472
457
453
353
460
456
597
469
465
567
454
609
474
463
459
155
610
455
478
371
296
558
467
473
571
481
477
488
622
486
573
490
492
482
484
483
502
499
495
618
487
498
386
493
489
401
496
491
590
446
516
449
508
504
522
511
507
50
520
519
532
517
513
419
505
510
534
514
525
68
509
452
587
523
531
666
416
515
642
529
47
539
521
543
536
603
604
224
547
552
643
538
540
299
550
546
151
600
601
156
544
290
613
687
688
565
476
191
578
612
560
584
568
564
572
464
479
569
574
570
593
485
582
563
580
576
62
586
591
566
577
579
527
589
585
503
592
588
575
583
599
667
646
428
595
461
553
605
549
541
602
537
294
611
161
468
608
466
557
617
561
194
614
196
443
623
494
480
620
374
378
629
382
634
626
438
138
635
142
628
632
433
415
641
417
407
638
420
545
647
533
594
644
158
15
653
4
223
650
221
1
659
3
10
656
12
385
665
335
78
662
76
596
671
530
413
668
427
327
677
209
167
674
226
346
683
342
358
680
354
293
689
295
559
686
555
55
695
48
33
692
31
generation	30	696
655
34
7
648
40
654
0
19
13
658
101
16
6
24
657
9
111
649
8
36
22
18
163
28
27
87
14
21
91
25
693
51
37
2
42
694
30
179
20
5
222
46
45
49
35
39
535
43
44
512
690
54
63
32
691
66
52
60
190
64
523
581
58
57
173
53
509
524
56
72
231
85
75
241
70
663
390
73
81
228
664
84
90
79
69
88
82
86
98
26
29
165
83
96
233
103
99
89
94
108
11
97
93
117
106
102
308
109
105
115
100
114
219
17
110
217
112
124
323
104
129
316
321
118
236
127
123
243
130
126
350
121
147
281
136
132
263
139
135
303
631
630
325
145
141
205
148
144
203
133
551
278
160
159
470
157
153
645
554
150
606
154
23
188
169
168
676
92
162
207
166
177
65
175
171
192
181
186
38
172
174
200
184
180
204
187
183
164
178
59
562
193
189
616
176
615
289
198
201
182
195
272
149
199
146
208
185
206
672
170
213
297
220
216
258
211
116
265
214
210
651
113
652
542
41
675
339
229
225
333
80
234
95
71
237
125
232
240
247
235
74
253
238
246
423
128
239
255
244
252
393
256
242
392
250
249
405
248
261
284
215
267
137
259
218
307
268
264
301
262
279
202
274
270
291
277
273
152
286
282
134
271
285
260
280
276
298
283
197
556
292
288
685
275
684
475
607
287
548
212
269
312
304
300
434
140
266
107
310
306
322
313
309
318
302
122
360
319
315
431
314
311
119
120
143
440
327
437
331
324
329
340
673
336
660
230
341
441
334
332
337
227
348
425
678
669
426
679
357
131
343
428
458
355
351
370
681
682
361
349
359
363
317
366
381
362
369
373
364
356
471
367
368
621
376
372
442
379
375
436
625
624
429
365
661
497
387
400
391
384
389
254
77
396
403
251
399
445
394
388
500
397
395
447
409
408
640
257
402
418
406
414
670
421
637
528
412
410
518
636
411
424
639
422
344
245
598
352
347
432
320
383
633
305
430
380
328
439
435
326
627
377
619
338
398
501
451
450
506
404
444
526
448
462
472
457
453
353
460
456
597
469
465
567
454
609
474
463
459
155
610
455
478
371
296
558
467
473
571
481
477
488
622
486
573
490
492
482
484
483
502
499
495
618
487
498
386
493
489
401
496
491
590
446
516
449
508
504
67
511
507
50
520
519
532
517
513
419
505
510
534
514
61
68
525
452
587
522
531
666
416
515
642
529
47
539
521
543
536
603
604
224
547
552
643
538
540
299
550
546
151
600
601
156
544
290
613
687
688
565
476
191
578
612
560
584
568
564
572
464
479
569
574
570
593
485
582
563
580
576
62
586
591
566
577
579
527
589
585
503
592
588
575
583
599
667
646
427
595
461
553
605
549
541
602
537
294
611
161
468
608
466
557
617
561
194
614
196
443
623
494
480
620
374
378
629
382
634
626
438
138
635
142
628
632
433
415
641
417
407
638
420
545
647
533
594
644
158
15
653
4
223
650
221
1
659
3
10
656
12
385
665
335
78
662
76
596
671
530
413
668
346
330
677
209
167
674
226
345
683
342
358
680
354
293
689
295
559
686
555
55
695
48
33
692
31
generation	40	702
655
34
7
648
40
654
0
19
13
658
101
16
6
24
657
9
111
649
8
36
22
18
163
28
27
87
14
21
91
25
693
51
37
2
42
694
30
179
20
5
222
46
45
49
35
39
535
43
44
512
690
54
63
32
691
66
52
60
190
64
523
581
58
57
173
53
509
524
56
72
231
85
75
241
70
663
390
73
81
228
664
84
90
79
69
88
82
86
98
26
29
165
83
96
233
103
99
89
94
108
11
97
93
117
106
102
308
109
105
115
100
114
653
17
110
217
112
124
323
104
129
316
321
118
236
127
123
243
130
126
350
121
281
263
136
132
139
147
137
303
631
630
325
145
141
205
700
699
203
135
551
278
160
159
470
157
153
645
554
150
606
154
23
188
169
168
676
92
162
207
166
177
65
175
171
192
181
186
38
172
174
696
184
180
204
187
183
164
178
59
562
193
189
616
176
615
289
198
201
697
195
272
149
199
146
208
185
206
672
170
213
297
219
216
258
211
116
265
214
223
651
210
220
542
41
675
339
229
225
333
80
234
95
71
237
125
232
240
247
235
74
253
238
246
423
128
239
255
244
252
393
256
242
392
250
249
639
248
261
284
215
267
134
259
218
307
268
264
301
262
279
202
274
270
684
277
273
152
286
282
133
271
285
260
280
276
298
283
197
556
291
689
685
288
686
475
607
287
548
212
269
312
304
300
434
140
266
107
310
306
322
313
309
318
302
122
360
319
315
431
314
311
119
120
143
440
327
437
331
324
329
340
673
336
660
230
341
441
334
332
337
227
348
425
678
669
351
679
357
131
343
428
355
347
353
370
681
682
361
349
359
363
317
366
381
362
369
373
364
356
471
367
368
621
376
372
442
379
375
436
625
624
429
365
661
500
387
400
391
384
389
254
77
396
403
251
399
445
394
388
499
397
395
447
409
638
640
408
402
418
405
414
670
421
637
528
412
410
518
636
411
424
641
422
344
245
458
352
598
432
320
383
633
305
430
380
328
439
435
326
627
377
619
338
398
501
451
450
506
404
444
526
448
462
472
457
453
427
460
456
597
469
465
567
454
609
474
463
459
155
610
455
478
371
296
558
467
473
571
481
477
488
622
486
573
490
492
482
484
483
502
495
497
618
487
498
493
489
401
386
496
491
590
446
516
449
508
504
67
511
507
50
520
519
532
517
513
419
505
510
534
514
61
68
525
452
587
522
531
666
416
515
642
529
47
539
521
543
536
603
604
224
547
552
643
538
540
299
550
546
151
600
601
156
544
290
613
687
688
565
476
191
578
612
560
584
568
564
572
464
479
569
574
570
593
485
582
563
580
576
62
586
591
566
577
579
527
589
585
503
592
588
575
583
599
667
646
426
595
461
553
605
549
541
602
537
294
611
161
468
608
466
557
617
561
194
614
196
443
623
494
480
620
374
378
629
382
634
626
438
138
635
142
628
632
433
415
406
417
407
420
257
545
647
533
594
644
158
15
652
4
650
113
221
1
659
3
10
656
12
385
665
335
78
662
76
596
671
530
413
668
346
330
677
209
167
674
226
345
683
342
358
680
354
293
295
275
559
292
555
55
695
48
33
692
31
200
701
182
144
698
148
