generation	0	600
0
1
2
0
3
1
0
2
4
0
5
6
0
4
5
0
6
3
4
2
7
4
7
8
4
9
5
4
8
9
2
10
11
2
1
10
2
11
7
1
3
12
1
13
10
1
12
13
10
13
14
10
15
11
10
14
15
15
16
17
15
18
16
15
17
11
15
14
18
19
20
21
19
22
20
19
23
22
19
24
23
19
9
24
19
21
9
9
21
5
9
8
24
25
21
26
25
5
21
25
6
5
25
26
27
25
27
28
25
28
6
6
29
3
6
28
29
26
30
27
30
31
32
30
26
33
30
33
34
30
34
31
35
36
37
35
37
38
35
38
39
35
39
40
35
40
41
35
41
36
42
43
44
42
45
46
42
46
47
42
44
45
8
7
48
8
49
24
8
48
49
50
11
17
50
17
51
50
7
11
50
51
41
50
41
48
50
48
7
17
16
52
17
52
51
51
52
53
51
36
41
51
53
36
41
40
48
48
40
49
29
54
55
29
56
54
29
28
56
29
55
3
3
55
12
24
49
57
24
57
23
20
26
21
20
33
26
20
58
33
20
22
58
33
59
34
33
58
59
58
60
61
58
22
60
58
61
59
56
37
54
56
38
37
56
28
62
56
62
38
63
36
53
63
53
44
63
44
43
63
37
36
63
54
37
63
43
54
53
52
64
53
64
44
44
64
45
54
43
55
38
62
65
38
65
39
62
28
27
62
27
32
62
32
65
32
31
66
32
66
65
32
27
30
40
39
67
40
67
49
57
49
67
57
68
23
57
69
68
57
67
69
70
34
71
70
71
72
70
31
34
70
72
73
70
73
74
70
74
31
31
74
66
74
75
66
74
76
75
74
73
76
75
76
77
75
77
69
75
69
78
75
78
66
23
68
79
23
79
22
22
79
60
60
80
61
60
81
80
60
79
81
61
80
82
61
83
59
61
82
83
83
84
71
83
85
84
83
82
85
83
71
59
59
71
34
71
84
72
78
65
66
78
39
65
78
69
67
78
67
39
69
77
68
80
81
86
80
87
82
80
86
87
88
89
73
88
73
72
88
72
46
88
90
89
88
45
90
88
46
45
73
89
76
45
64
90
76
89
91
76
91
77
92
91
93
92
77
91
92
93
81
92
68
77
92
79
68
92
81
79
81
93
86
94
82
87
94
87
14
94
14
13
94
95
85
94
85
82
94
13
95
87
18
14
87
86
18
85
47
84
85
95
47
13
12
95
96
95
12
96
12
55
96
47
95
96
55
43
96
43
42
96
42
47
64
52
97
64
97
90
52
16
97
90
97
98
90
98
89
91
89
98
91
98
93
99
97
16
99
16
18
99
98
97
99
18
86
99
86
93
99
93
98
46
84
47
72
84
46
generation	10	696
118
1
2
119
117
1
118
2
4
119
5
6
118
4
5
119
6
116
4
2
7
4
7
8
4
9
5
4
8
9
2
130
11
2
1
131
2
11
7
1
117
12
1
13
131
1
12
13
131
13
14
130
15
11
130
14
15
15
16
17
15
18
16
15
17
11
15
14
18
19
20
21
19
22
20
19
120
22
19
24
121
19
9
24
19
21
9
9
21
5
9
8
24
25
21
26
25
5
21
25
6
5
25
26
27
25
27
28
25
28
6
6
29
116
6
28
29
26
30
27
30
31
32
30
26
33
30
33
34
30
34
31
35
36
37
35
37
38
35
38
110
35
111
40
35
40
41
35
41
36
42
43
44
42
103
46
42
46
114
42
44
103
8
7
48
8
125
24
8
48
125
50
11
17
50
17
51
50
7
11
50
51
41
50
41
48
50
48
7
17
16
105
17
105
51
51
104
53
53
41
51
53
36
41
41
40
48
48
40
125
29
54
55
29
56
54
29
28
56
29
55
116
117
55
12
24
124
57
24
57
121
20
26
21
20
33
26
20
58
33
20
22
58
33
59
34
33
58
59
58
60
61
58
22
60
58
61
59
56
37
54
56
38
37
56
28
62
56
62
38
63
36
53
63
53
44
63
44
43
63
37
36
63
54
37
63
43
54
53
104
128
53
128
44
44
129
102
54
43
55
38
62
65
38
65
110
62
28
27
62
27
32
62
32
65
32
31
66
32
66
65
32
27
30
40
111
67
40
67
124
57
124
67
57
68
121
57
69
68
57
67
69
127
34
71
126
71
72
127
31
34
126
72
73
126
73
74
127
74
31
31
74
66
74
75
66
74
76
75
74
73
76
75
76
106
75
106
69
75
69
108
75
109
66
120
68
79
79
60
120
120
60
22
60
80
61
60
81
80
60
79
81
61
80
82
61
113
59
61
82
113
112
123
71
112
85
123
113
82
85
112
71
59
59
71
34
71
122
72
109
65
66
109
110
65
108
69
67
108
67
111
69
106
68
80
81
86
80
87
82
80
86
87
88
89
73
88
73
72
88
72
46
88
90
89
88
102
90
88
46
103
73
89
76
102
129
90
76
89
91
76
91
107
92
91
93
92
107
91
92
93
81
92
68
107
92
79
68
92
81
79
81
93
86
94
82
87
94
87
14
94
14
13
94
95
85
94
85
82
94
13
95
87
18
14
87
86
18
85
115
123
85
95
115
13
12
95
100
95
12
101
12
55
100
114
95
101
55
43
101
43
42
100
42
114
128
104
97
129
97
90
105
16
97
90
97
98
90
98
89
91
89
98
91
98
93
99
97
16
99
16
18
99
98
97
99
18
86
99
86
93
99
93
98
46
122
115
72
122
46
42
100
101
12
101
100
44
102
103
88
103
102
97
104
105
51
105
104
68
106
107
76
107
106
75
108
109
111
109
108
35
110
111
109
111
110
85
112
113
59
113
112
95
114
115
46
115
114
119
116
117
55
117
116
1
118
119
5
119
118
68
120
121
19
121
120
115
122
123
71
123
122
40
124
125
24
125
124
71
126
127
74
127
126
44
128
129
97
129
128
14
130
131
2
131
130
generation	20	696
118
1
2
119
117
1
118
2
4
119
5
6
118
4
5
119
6
116
4
2
7
4
7
8
4
9
5
4
8
9
2
130
11
2
1
131
2
11
7
1
117
12
1
13
131
1
12
13
131
13
14
130
15
11
130
14
15
15
16
17
15
18
16
15
17
11
15
14
18
19
20
21
19
22
20
19
120
22
19
24
121
19
9
24
19
21
9
9
21
5
9
8
24
25
21
26
25
5
21
25
6
5
25
26
27
25
27
28
25
28
6
6
29
116
6
28
29
26
30
27
30
31
32
30
26
33
30
33
34
30
34
31
35
36
37
35
37
38
35
38
110
35
111
40
35
40
41
35
41
36
42
43
44
42
103
46
42
46
114
42
44
103
8
7
48
8
125
24
8
48
125
50
11
17
50
17
51
50
7
11
50
51
41
50
41
48
50
48
7
17
16
105
17
105
51
51
104
53
53
41
51
53
36
41
41
40
48
48
40
125
29
54
55
29
56
54
29
28
56
29
55
116
117
55
12
24
124
57
24
57
121
20
26
21
20
33
26
20
58
33
20
22
58
33
59
34
33
58
59
58
60
61
58
22
60
58
61
59
56
37
54
56
38
37
56
28
62
56
62
38
63
36
53
63
53
44
63
44
43
63
37
36
63
54
37
63
43
54
53
104
128
53
128
44
44
129
102
54
43
55
38
62
65
38
65
110
62
28
27
62
27
32
62
32
65
32
31
66
32
66
65
32
27
30
40
111
67
40
67
124
57
124
67
57
68
121
57
69
68
57
67
69
127
34
71
126
71
72
127
31
34
126
72
73
126
73
74
127
74
31
31
74
66
74
75
66
74
76
75
74
73
76
75
76
106
75
106
69
75
69
108
75
109
66
120
68
79
79
60
120
120
60
22
60
80
61
60
81
80
60
79
81
61
80
82
61
113
59
61
82
113
112
123
71
112
85
123
113
82
85
112
71
59
59
71
34
71
122
72
109
65
66
109
110
65
108
69
67
108
67
111
69
106
68
80
81
86
80
87
82
80
86
87
88
89
73
88
73
72
88
72
46
88
90
89
88
102
90
88
46
103
73
89
76
102
129
90
76
89
91
76
91
107
92
91
93
92
107
91
92
93
81
92
68
107
92
79
68
92
81
79
81
93
86
94
82
87
94
87
14
94
14
13
94
95
85
94
85
82
94
13
95
87
18
14
87
86
18
85
115
123
85
95
115
13
12
95
100
95
12
101
12
55
100
114
95
101
55
43
101
43
42
100
42
114
128
104
97
129
97
90
105
16
97
90
97
98
90
98
89
91
89
98
91
98
93
99
97
16
99
16
18
99
98
97
99
18
86
99
86
93
99
93
98
46
122
115
72
122
46
42
100
101
12
101
100
44
102
103
88
103
102
97
104
105
51
105
104
68
106
107
76
107
106
75
108
109
111
109
108
35
110
111
109
111
110
85
112
113
59
113
112
95
114
115
46
115
114
119
116
117
55
117
116
1
118
119
5
119
118
68
120
121
19
121
120
115
122
123
71
123
122
40
124
125
24
125
124
71
126
127
74
127
126
44
128
129
97
129
128
14
130
131
2
131
130
generation	30	696
118
1
2
119
117
1
118
2
4
119
5
6
118
4
5
119
6
116
4
2
7
4
7
8
4
9
5
4
8
9
2
130
11
2
1
131
2
11
7
1
117
12
1
13
131
1
12
13
131
13
14
130
15
11
130
14
15
15
16
17
15
18
16
15
17
11
14
87
15
19
20
21
19
22
20
19
120
22
19
24
121
19
9
24
19
21
9
9
21
5
9
8
24
25
21
26
25
5
21
25
6
5
25
26
27
25
27
28
25
28
6
6
29
116
6
28
29
26
30
27
30
31
32
30
26
33
30
33
34
30
34
31
35
36
37
35
37
38
35
38
110
35
111
40
35
40
41
35
41
36
42
43
44
42
103
46
42
46
114
42
44
103
8
7
48
8
125
24
8
48
125
50
11
17
50
17
51
50
7
11
50
51
41
50
41
48
50
48
7
17
16
105
17
105
51
51
104
53
53
41
51
53
36
41
41
40
48
48
40
125
29
54
55
29
56
54
29
28
56
29
55
116
117
55
12
24
124
57
24
57
121
20
26
21
20
33
26
20
58
33
20
22
58
33
59
34
33
58
59
58
60
61
58
22
60
58
61
59
56
37
54
56
38
37
56
28
62
56
62
38
63
36
53
63
53
44
63
44
43
63
37
36
63
54
37
63
43
54
53
104
128
53
128
44
44
129
102
54
43
55
38
62
65
38
65
110
62
28
27
62
27
32
62
32
65
32
31
66
32
66
65
32
27
30
40
111
67
67
69
40
40
69
124
57
68
121
57
69
68
124
69
57
127
34
71
71
122
126
127
31
34
126
72
73
126
73
74
127
74
31
31
74
66
74
75
66
74
76
75
74
73
76
75
76
106
75
106
69
75
69
108
75
109
66
120
68
79
79
60
120
120
60
22
60
80
61
60
81
80
60
79
81
61
80
82
61
113
59
61
82
113
112
123
71
112
85
123
113
82
85
112
71
59
59
71
34
122
72
126
109
65
66
109
110
65
108
69
67
108
67
111
69
106
68
80
81
86
80
87
82
80
86
87
88
89
73
88
73
72
88
72
46
88
90
89
88
102
90
88
46
103
73
89
76
102
129
90
76
89
91
76
91
107
92
91
93
92
107
91
92
93
81
92
68
107
92
79
68
92
81
79
81
93
86
94
82
87
94
87
14
94
14
13
94
95
85
94
85
82
94
13
95
18
15
87
87
86
18
85
115
123
85
95
115
13
12
95
100
95
12
101
12
55
100
114
95
101
55
43
101
43
42
100
42
114
128
104
97
129
97
90
105
16
97
90
97
98
90
98
89
91
89
98
91
98
93
99
97
16
99
16
18
99
98
97
99
18
86
99
86
93
99
93
98
46
122
115
72
122
46
42
100
101
12
101
100
44
102
103
88
103
102
97
104
105
51
105
104
68
106
107
76
107
106
75
108
109
111
109
108
35
110
111
109
111
110
85
112
113
59
113
112
95
114
115
46
115
114
119
116
117
55
117
116
1
118
119
5
119
118
68
120
121
19
121
120
115
122
123
71
123
122
40
124
125
24
125
124
71
126
127
74
127
126
44
128
129
97
129
128
14
130
131
2
131
130
generation	40	702
118
1
2
119
117
1
118
2
4
119
5
6
118
4
5
119
6
116
4
2
7
4
7
8
4
9
5
4
8
9
2
130
11
2
1
131
2
11
7
1
117
12
1
13
131
1
12
13
131
13
14
130
15
11
130
14
15
15
16
17
15
18
16
15
17
11
14
87
15
19
20
21
19
22
20
19
120
22
19
24
121
19
9
24
19
21
9
9
21
5
9
8
24
25
21
26
25
5
21
25
6
5
25
26
27
25
27
28
25
28
6
6
29
116
6
28
29
26
30
27
30
31
32
30
26
33
30
33
34
30
34
31
36
37
38
36
38
35
35
38
110
35
111
40
35
40
133
35
132
36
42
43
44
42
103
46
42
46
114
42
44
103
8
7
48
8
125
24
8
48
125
50
11
17
50
17
51
50
7
11
50
51
133
50
133
48
50
48
7
17
16
105
17
105
51
51
104
53
53
132
51
53
36
132
133
40
48
48
40
125
29
54
55
29
56
54
29
28
56
55
117
29
117
55
12
24
124
57
24
57
121
20
26
21
20
33
26
20
58
33
20
22
58
33
59
34
33
58
59
58
60
61
58
22
60
58
61
59
56
37
54
56
38
37
56
28
62
56
62
38
63
36
53
63
53
44
63
44
43
63
37
36
63
54
37
63
43
54
53
104
128
128
129
53
44
129
102
54
43
55
38
62
65
38
65
110
62
28
27
62
27
32
62
32
65
32
31
66
32
66
65
32
27
30
40
111
67
67
69
40
40
69
124
57
68
121
57
69
68
124
69
57
127
34
71
71
122
126
127
31
34
122
73
126
126
73
74
127
74
31
31
74
66
74
75
66
74
76
75
74
73
76
75
76
106
75
106
69
75
69
108
75
109
66
120
68
79
79
60
120
120
60
22
60
80
61
60
81
80
60
79
81
61
80
82
113
112
61
61
82
113
112
123
71
112
85
123
113
82
85
112
71
59
59
71
34
72
73
122
109
65
66
109
110
65
108
69
67
108
67
111
69
106
68
80
81
86
80
87
82
80
86
87
88
89
73
88
73
72
88
72
46
88
90
89
88
102
90
88
46
103
73
89
76
102
129
90
76
89
91
76
91
107
92
91
93
92
107
91
92
93
81
92
68
107
81
68
92
81
79
68
81
93
86
94
82
87
94
87
14
94
14
13
94
95
85
94
85
82
94
13
95
18
15
87
87
86
18
85
115
123
85
95
115
13
12
95
100
95
12
101
12
55
100
114
95
101
55
43
101
43
42
100
42
114
128
104
97
129
97
90
105
16
97
90
97
98
90
98
89
91
89
98
91
98
93
99
97
16
99
16
18
99
98
97
99
18
86
99
86
93
99
93
98
46
122
115
72
122
46
42
100
101
12
101
100
44
102
103
88
103
102
97
104
105
51
105
104
68
106
107
76
107
106
75
108
109
111
109
108
35
110
111
109
111
110
85
112
113
61
112
59
95
114
115
46
115
114
119
116
117
117
116
29
1
118
119
5
119
118
68
120
121
19
121
120
115
122
123
71
123
122
40
124
125
24
125
124
71
126
127
74
127
126
53
129
44
97
129
128
14
130
131
2
131
130
51
132
133
35
133
132
