timeStep	 T1_unique	 edge_1	 edge_2	 nT1
0 0 
1 1 565 583 1 
2 0 
3 0 
4 0 
5 0 
6 0 
7 0 
8 0 
9 0 
10 0 
11 0 
12 0 
13 0 
14 1 244 600 1 
15 0 
16 3 70 216 1 19 71 1 531 656 1 
17 0 
18 1 643 646 1 
19 1 386 387 1 
20 3 97 345 1 560 663 1 209 210 1 
21 1 579 648 1 
22 2 156 164 1 178 438 1 
23 1 253 378 1 
24 2 565 583 1 235 380 1 
25 0 
26 0 
27 1 33 618 1 
28 2 568 571 1 566 572 1 
29 3 389 617 1 545 546 1 286 370 1 
30 2 260 261 1 64 205 1 
31 2 244 600 1 58 66 1 
