generation	0	600
1.94479	-1.88959
1.94479	-1.88959
1.94479	-1.88959
1.93616	-2.51521
1.93616	-2.51521
1.93616	-2.51521
2.50274	-1.55376
2.50274	-1.55376
2.50274	-1.55376
3.02734	-2.5503
3.02734	-2.5503
3.02734	-2.5503
3.04794	-1.90029
3.04794	-1.90029
3.04794	-1.90029
2.4956	-2.8362
2.4956	-2.8362
2.4956	-2.8362
2.46967	-0.994546
2.46967	-0.994546
2.46967	-0.994546
3.05377	-0.663817
3.05377	-0.663817
3.05377	-0.663817
3.60594	-1.53474
3.60594	-1.53474
3.60594	-1.53474
3.58788	-0.969562
3.58788	-0.969562
3.58788	-0.969562
1.49744	-0.955642
1.49744	-0.955642
1.49744	-0.955642
1.43277	-1.56924
1.43277	-1.56924
1.43277	-1.56924
1.93183	-0.689167
1.93183	-0.689167
1.93183	-0.689167
1.35797	-2.76817
1.35797	-2.76817
1.35797	-2.76817
0.862027	-1.89344
0.862027	-1.89344
0.862027	-1.89344
0.908305	-2.54777
0.908305	-2.54777
0.908305	-2.54777
0.371128	-1.58028
0.371128	-1.58028
0.371128	-1.58028
0.87421	-0.645649
0.87421	-0.645649
0.87421	-0.645649
0.324593	-0.989644
0.324593	-0.989644
0.324593	-0.989644
0.382387	0.266942
0.382387	0.266942
0.382387	0.266942
-0.158449	-0.0202505
-0.158449	-0.0202505
-0.158449	-0.0202505
0.886092	-0.0548169
0.886092	-0.0548169
0.886092	-0.0548169
-0.127029	-0.703697
-0.127029	-0.703697
-0.127029	-0.703697
5.17881	-1.90173
-5.55065	-1.90173
5.17881	-1.90173
5.73435	-1.53298
-4.9951	-1.53298
-4.9951	-1.53298
5.73889	-1.00794
-4.99057	-1.00794
-4.99057	-1.00794
5.24164	-0.650448
5.24164	-0.650448
-5.48781	-0.650448
4.65461	-0.989816
4.65461	-0.989816
4.65461	-0.989816
4.64437	-1.59921
4.64437	-1.59921
4.64437	-1.59921
4.10097	-1.8375
4.10097	-1.8375
4.10097	-1.8375
4.07828	-0.645394
4.07828	-0.645394
4.07828	-0.645394
4.70951	-2.85433
4.70951	-2.85433
4.70951	-2.85433
4.11199	-2.55469
4.11199	-2.55469
4.11199	-2.55469
3.54329	-2.84369
3.54329	-2.84369
3.54329	-2.84369
4.68245	-3.479
4.68245	-3.479
4.68245	-3.479
4.05613	-3.78811
4.05613	-3.78811
4.05613	-3.78811
3.57534	-3.54028
3.57534	-3.54028
3.57534	-3.54028
2.45356	-3.44535
2.45356	-3.44535
2.45356	-3.44535
3.05971	-3.84158
3.05971	-3.84158
3.05971	-3.84158
5.19156	-3.88917
-5.53789	-3.88917
5.19156	-3.88917
-4.97956	-4.76541
-4.97956	4.54026
5.74989	4.54026
-4.97675	-3.56124
5.7527	-3.56124
-4.97675	-3.56124
-4.43309	-3.79596
-4.43309	-3.79596
-4.43309	-3.79596
-4.38652	-4.38627
-4.38652	-4.38627
-4.38652	4.9194
2.4626	2.83822
2.4626	2.83822
2.4626	2.83822
3.11563	3.12672
3.11563	3.12672
3.11563	3.12672
3.59125	2.77728
3.59125	2.77728
3.59125	2.77728
3.536	2.18635
3.536	2.18635
3.536	2.18635
3.03226	1.81716
3.03226	1.81716
3.03226	1.81716
2.54309	2.04917
2.54309	2.04917
2.54309	2.04917
0.449089	3.95487
0.449089	3.95487
0.449089	3.95487
-0.694236	4.08107
-0.694236	4.08107
-0.694236	4.08107
-0.62353	4.5625
-0.62353	4.5625
-0.62353	-4.74318
-0.133667	3.61534
-0.133667	3.61534
-0.133667	3.61534
3.0106	-0.0102804
3.0106	-0.0102804
3.0106	-0.0102804
4.15242	-0.107421
4.15242	-0.107421
4.15242	-0.107421
3.63216	0.292716
3.63216	0.292716
3.63216	0.292716
1.44678	0.209651
1.44678	0.209651
1.44678	0.209651
1.47686	0.889824
1.47686	0.889824
1.47686	0.889824
1.93914	-0.145918
1.93914	-0.145918
1.93914	-0.145918
1.92784	1.10041
1.92784	1.10041
1.92784	1.10041
2.52612	0.780003
2.52612	0.780003
2.52612	0.780003
2.58312	0.256594
2.58312	0.256594
2.58312	0.256594
0.438097	0.841062
0.438097	0.841062
0.438097	0.841062
1.00929	1.13814
1.00929	1.13814
1.00929	1.13814
0.968842	1.90204
0.968842	1.90204
0.968842	1.90204
2.01871	1.81124
2.01871	1.81124
2.01871	1.81124
1.40348	2.19777
1.40348	2.19777
1.40348	2.19777
3.10377	1.24959
3.10377	1.24959
3.10377	1.24959
3.68234	0.915023
3.68234	0.915023
3.68234	0.915023
2.00555	-4.46666
2.00555	4.83901
2.00555	-4.46666
2.46443	-4.67035
2.46443	4.63532
2.46443	4.63532
3.00343	-4.38925
3.00343	-4.38925
3.00343	4.91642
1.9901	-3.73818
1.9901	-3.73818
1.9901	-3.73818
1.43017	-3.51709
1.43017	-3.51709
1.43017	-3.51709
4.77074	0.180647
4.77074	0.180647
4.77074	0.180647
5.17786	-0.0430743
5.17786	-0.0430743
-5.55159	-0.0430743
-5.56647	-2.55304
5.16298	-2.55304
5.16298	-2.55304
-4.98655	-2.81419
-4.98655	-2.81419
5.7429	-2.81419
-4.4527	-2.56525
-4.4527	-2.56525
-4.4527	-2.56525
-4.46824	-1.87664
-4.46824	-1.87664
-4.46824	-1.87664
-3.95255	-3.43371
-3.95255	-3.43371
-3.95255	-3.43371
-3.96526	-2.84391
-3.96526	-2.84391
-3.96526	-2.84391
-3.39353	-1.88133
-3.39353	-1.88133
-3.39353	-1.88133
-3.83079	-1.57307
-3.83079	-1.57307
-3.83079	-1.57307
-3.45554	-2.56853
-3.45554	-2.56853
-3.45554	-2.56853
2.52178	3.98515
2.52178	3.98515
2.52178	3.98515
3.12418	3.71865
3.12418	3.71865
3.12418	3.71865
3.60055	4.46453
3.60055	-4.84114
3.60055	4.46453
3.56769	4.06935
3.56769	4.06935
3.56769	4.06935
1.44978	2.7688
1.44978	2.7688
1.44978	2.7688
0.900353	3.09066
0.900353	3.09066
0.900353	3.09066
0.850757	3.72016
0.850757	3.72016
0.850757	3.72016
1.96655	3.1083
1.96655	3.1083
1.96655	3.1083
1.96329	3.59012
1.96329	3.59012
1.96329	3.59012
1.47183	4.01778
1.47183	4.01778
1.47183	4.01778
0.287149	2.14471
0.287149	2.14471
0.287149	2.14471
0.281381	2.78484
0.281381	2.78484
0.281381	2.78484
-0.163973	3.11851
-0.163973	3.11851
-0.163973	3.11851
1.50652	4.58186
1.50652	4.58186
1.50652	-4.72381
4.16088	3.63826
4.16088	3.63826
4.16088	3.63826
4.10917	3.03617
4.10917	3.03617
4.10917	3.03617
4.09802	4.79995
4.09802	-4.50572
4.09802	-4.50572
4.64674	4.60258
4.64674	-4.70309
4.64674	4.60258
4.72799	3.91147
4.72799	3.91147
4.72799	3.91147
5.76045	4.08269
-4.969	4.08269
-4.969	4.08269
5.18426	3.65608
-5.54519	3.65608
5.18426	3.65608
5.18969	4.96254
5.18969	-4.34313
-5.53976	-4.34313
4.19529	1.79549
4.19529	1.79549
4.19529	1.79549
4.07318	1.11038
4.07318	1.11038
4.07318	1.11038
4.70744	0.82832
4.70744	0.82832
4.70744	0.82832
5.79466	0.302423
-4.9348	0.302423
-4.9348	0.302423
5.77688	0.847151
-4.95257	0.847151
-4.95257	0.847151
5.11026	1.16916
5.11026	1.16916
-5.61919	1.16916
-3.34781	4.96091
-3.34781	-4.34476
-3.34781	-4.34476
-2.78294	4.62869
-2.78294	-4.67698
-2.78294	4.62869
-3.84987	4.64522
-3.84987	4.64522
-3.84987	-4.66045
-2.76248	3.971
-2.76248	3.971
-2.76248	3.971
-3.40311	3.67366
-3.40311	3.67366
-3.40311	3.67366
-3.84879	3.9265
-3.84879	3.9265
-3.84879	3.9265
-4.36296	3.7
-4.36296	3.7
-4.36296	3.7
-4.4631	3.05418
-4.4631	3.05418
-4.4631	3.05418
-3.94583	2.67354
-3.94583	2.67354
-3.94583	2.67354
-3.36587	3.03022
-3.36587	3.03022
-3.36587	3.03022
-3.96014	2.09859
-3.96014	2.09859
-3.96014	2.09859
-4.48045	1.77093
-4.48045	1.77093
-4.48045	1.77093
-4.93018	2.03019
-4.93018	2.03019
5.79928	2.03019
-4.99497	2.81614
5.73448	2.81614
-4.99497	2.81614
-4.37338	-0.00459055
-4.37338	-0.00459055
-4.37338	-0.00459055
-4.42868	-0.660913
-4.42868	-0.660913
-4.42868	-0.660913
-3.83225	-1.01983
-3.83225	-1.01983
-3.83225	-1.01983
-2.82614	-1.66368
-2.82614	-1.66368
-2.82614	-1.66368
-2.79646	-0.990337
-2.79646	-0.990337
-2.79646	-0.990337
-3.33702	-0.677824
-3.33702	-0.677824
-3.33702	-0.677824
-2.39891	-1.92354
-2.39891	-1.92354
-2.39891	-1.92354
-2.82687	-2.90518
-2.82687	-2.90518
-2.82687	-2.90518
-2.34717	-2.57791
-2.34717	-2.57791
-2.34717	-2.57791
-2.28768	-3.82858
-2.28768	-3.82858
-2.28768	-3.82858
-1.71909	-3.53666
-1.71909	-3.53666
-1.71909	-3.53666
-1.73277	-2.81776
-1.73277	-2.81776
-1.73277	-2.81776
-2.84689	-3.47568
-2.84689	-3.47568
-2.84689	-3.47568
-3.32853	-3.80004
-3.32853	-3.80004
-3.32853	-3.80004
-2.30668	-4.37298
-2.30668	-4.37298
-2.30668	4.93269
5.22416	3.0774
5.22416	3.0774
-5.5053	3.0774
4.71543	2.7483
4.71543	2.7483
4.71543	2.7483
5.1013	1.73892
-5.62815	1.73892
5.1013	1.73892
4.6988	2.01493
4.6988	2.01493
4.6988	2.01493
-4.48569	1.26667
-4.48569	1.26667
-4.48569	1.26667
-2.22124	-0.668359
-2.22124	-0.668359
-2.22124	-0.668359
-1.73997	-1.57295
-1.73997	-1.57295
-1.73997	-1.57295
-1.7491	-0.977674
-1.7491	-0.977674
-1.7491	-0.977674
-2.31368	2.99663
-2.31368	2.99663
-2.31368	2.99663
-2.37138	3.74045
-2.37138	3.74045
-2.37138	3.74045
-1.73857	4.02183
-1.73857	4.02183
-1.73857	4.02183
-1.77255	2.75565
-1.77255	2.75565
-1.77255	2.75565
-1.30321	3.02443
-1.30321	3.02443
-1.30321	3.02443
-1.30941	3.75648
-1.30941	3.75648
-1.30941	3.75648
-2.8189	2.70461
-2.8189	2.70461
-2.8189	2.70461
-0.793996	2.77526
-0.793996	2.77526
-0.793996	2.77526
-2.85269	2.16532
-2.85269	2.16532
-2.85269	2.16532
-3.3459	1.82513
-3.3459	1.82513
-3.3459	1.82513
-2.85674	0.89971
-2.85674	0.89971
-2.85674	0.89971
-3.24479	1.17804
-3.24479	1.17804
-3.24479	1.17804
-2.92504	0.240522
-2.92504	0.240522
-2.92504	0.240522
-3.93741	0.847354
-3.93741	0.847354
-3.93741	0.847354
-3.95816	0.207742
-3.95816	0.207742
-3.95816	0.207742
-3.34026	-0.0238797
-3.34026	-0.0238797
-3.34026	-0.0238797
-2.26366	-0.116676
-2.26366	-0.116676
-2.26366	-0.116676
-1.28355	-1.90832
-1.28355	-1.90832
-1.28355	-1.90832
-0.7178	-1.63688
-0.7178	-1.63688
-0.7178	-1.63688
-0.216926	-1.92179
-0.216926	-1.92179
-0.216926	-1.92179
-0.755766	-2.83426
-0.755766	-2.83426
-0.755766	-2.83426
-1.30523	-2.55752
-1.30523	-2.55752
-1.30523	-2.55752
-0.214839	-2.5184
-0.214839	-2.5184
-0.214839	-2.5184
-0.688123	-0.981254
-0.688123	-0.981254
-0.688123	-0.981254
-1.199	-0.683651
-1.199	-0.683651
-1.199	-0.683651
-1.22038	-3.85273
-1.22038	-3.85273
-1.22038	-3.85273
-0.689647	-3.47529
-0.689647	-3.47529
-0.689647	-3.47529
0.390389	-2.87023
0.390389	-2.87023
0.390389	-2.87023
0.331788	-3.44544
0.331788	-3.44544
0.331788	-3.44544
0.937214	-3.86591
0.937214	-3.86591
0.937214	-3.86591
-0.15682	-3.69748
-0.15682	-3.69748
-0.15682	-3.69748
0.952531	-4.3773
0.952531	-4.3773
0.952531	4.92838
0.401586	-4.77143
0.401586	4.53424
0.401586	4.53424
-0.194444	-4.52342
-0.194444	4.78225
-0.194444	-4.52342
-0.0890036	1.88978
-0.0890036	1.88978
-0.0890036	1.88978
-0.709239	2.15121
-0.709239	2.15121
-0.709239	2.15121
-0.148986	1.22538
-0.148986	1.22538
-0.148986	1.22538
-1.22812	1.75338
-1.22812	1.75338
-1.22812	1.75338
-1.7639	2.11411
-1.7639	2.11411
-1.7639	2.11411
-2.29298	1.80133
-2.29298	1.80133
-2.29298	1.80133
-2.3203	1.14479
-2.3203	1.14479
-2.3203	1.14479
-0.658505	0.948057
-0.658505	0.948057
-0.658505	0.948057
-0.621462	0.234504
-0.621462	0.234504
-0.621462	0.234504
-1.20724	1.2338
-1.20724	1.2338
-1.20724	1.2338
-1.15946	-0.0405783
-1.15946	-0.0405783
-1.15946	-0.0405783
-1.72346	0.284306
-1.72346	0.284306
-1.72346	0.284306
-1.75699	0.869748
-1.75699	0.869748
-1.75699	0.869748
-1.20527	4.98664
-1.20527	-4.31903
-1.20527	-4.31903
-1.7383	4.62089
-1.7383	-4.68479
-1.7383	4.62089
generation	10	696
1.38989	-1.81326
1.38989	-1.81326
1.38989	-1.81326
1.41668	-2.53379
1.41668	-2.53379
1.41668	-2.53379
1.91067	-1.37228
1.91067	-1.37228
1.91067	-1.37228
2.54984	-2.59029
2.54984	-2.59029
2.54984	-2.59029
2.52104	-1.79655
2.52104	-1.79655
2.52104	-1.79655
2.1903	-3.02393
2.1903	-3.02393
2.1903	-3.02393
1.90784	-1.04044
1.90784	-1.04044
1.90784	-1.04044
2.12857	-0.914786
2.12857	-0.914786
2.12857	-0.914786
2.84608	-1.65962
2.84608	-1.65962
2.84608	-1.65962
2.84598	-1.30323
2.84598	-1.30323
2.84598	-1.30323
1.206	-0.936098
1.206	-0.936098
1.206	-0.936098
1.24525	-1.78924
1.24525	-1.78924
1.24525	-1.78924
1.52198	-0.799001
1.52198	-0.799001
1.52198	-0.799001
0.821747	-2.71027
0.821747	-2.71027
0.821747	-2.71027
0.665779	-2.2598
0.665779	-2.2598
0.665779	-2.2598
0.650297	-2.60097
0.650297	-2.60097
0.650297	-2.60097
0.0766085	-1.79761
0.0766085	-1.79761
0.0766085	-1.79761
0.686227	-0.593136
0.686227	-0.593136
0.686227	-0.593136
0.0800232	-1.05294
0.0800232	-1.05294
0.0800232	-1.05294
0.0261352	0.0979408
0.0261352	0.0979408
0.0261352	0.0979408
-0.364609	-0.0917647
-0.364609	-0.0917647
-0.364609	-0.0917647
0.682186	-0.31289
0.682186	-0.31289
0.682186	-0.31289
-0.38257	-0.856107
-0.38257	-0.856107
-0.38257	-0.856107
3.91172	-1.74454
-4.35563	-1.74454
3.91172	-1.74454
4.21015	-1.6136
-4.0572	-1.6136
-4.0572	-1.6136
4.40909	-1.09794
-3.85826	-1.09794
-3.85826	-1.09794
3.89277	-0.771263
3.89277	-0.771263
-4.37458	-0.771263
3.61847	-1.00172
3.61847	-1.00172
3.61847	-1.00172
3.66679	-1.59706
3.66679	-1.59706
3.66679	-1.59706
3.20573	-1.87466
3.20573	-1.87466
3.20573	-1.87466
3.3863	-0.910133
3.3863	-0.910133
3.3863	-0.910133
3.57583	-2.57051
3.57583	-2.57051
3.57583	-2.57051
3.23528	-2.40515
3.23528	-2.40515
3.23528	-2.40515
2.90369	-2.67258
2.90369	-2.67258
2.90369	-2.67258
3.61466	-3.21774
3.61466	-3.21774
3.61466	-3.21774
3.32831	-3.41494
3.32831	-3.41494
3.32831	-3.41494
2.99786	-3.26185
2.99786	-3.26185
2.99786	-3.26185
2.30473	-3.57177
2.30473	-3.57177
2.30473	-3.57177
2.46366	-3.64452
2.46366	-3.64452
2.46366	-3.64452
4.02524	-3.42408
-4.24211	-3.42408
4.02524	-3.42408
-3.88742	-4.20557
-3.88742	4.63494
4.37993	4.63494
-3.91097	-3.22148
4.35638	-3.22148
-3.91097	-3.22148
-3.60191	-3.403
-3.60191	-3.403
-3.60191	-3.403
-3.60963	-4.04298
-3.60963	-4.04298
-3.60963	4.79754
2.20377	2.88466
2.20377	2.88466
2.20377	2.88466
2.40124	3.01375
2.40124	3.01375
2.40124	3.01375
2.71712	2.90742
2.71712	2.90742
2.71712	2.90742
2.82008	2.07546
2.82008	2.07546
2.82008	2.07546
2.40074	1.92979
2.40074	1.92979
2.40074	1.92979
2.09664	2.25276
2.09664	2.25276
2.09664	2.25276
0.412026	3.76841
0.412026	3.76841
0.412026	3.76841
-0.362542	4.14576
-0.362542	4.14576
-0.362542	4.14576
-0.362822	4.30228
-0.362822	4.30228
-0.362822	-4.53823
0.161392	3.70524
0.161392	3.70524
0.161392	3.70524
2.14779	-0.154316
2.14779	-0.154316
2.14779	-0.154316
3.25138	-0.270178
3.25138	-0.270178
3.25138	-0.270178
2.46461	0.031355
2.46461	0.031355
2.46461	0.031355
1.24807	0.0191639
1.24807	0.0191639
1.24807	0.0191639
1.1852	0.681451
1.1852	0.681451
1.1852	0.681451
1.54062	-0.14363
1.54062	-0.14363
1.54062	-0.14363
1.46228	0.917979
1.46228	0.917979
1.46228	0.917979
1.8516	0.747664
1.8516	0.747664
1.8516	0.747664
1.85363	0.0334677
1.85363	0.0334677
1.85363	0.0334677
0.0336168	0.5154
0.0336168	0.5154
0.0336168	0.5154
0.605002	0.906142
0.605002	0.906142
0.605002	0.906142
0.824896	1.66652
0.824896	1.66652
0.824896	1.66652
1.25504	1.65156
1.25504	1.65156
1.25504	1.65156
1.71818	2.2392
1.71818	2.2392
1.71818	2.2392
2.19916	0.921058
2.19916	0.921058
2.19916	0.921058
2.53085	0.60714
2.53085	0.60714
2.53085	0.60714
1.60475	-4.30822
1.60475	4.53229
1.60475	-4.30822
1.98552	-4.55008
1.98552	4.29043
1.98552	4.29043
2.51161	-4.22443
2.51161	-4.22443
2.51161	4.61608
1.65455	-3.90869
1.65455	-3.90869
1.65455	-3.90869
0.952313	-3.52804
0.952313	-3.52804
0.952313	-3.52804
3.82744	0.0406828
3.82744	0.0406828
3.82744	0.0406828
3.89573	-0.0264276
3.89573	-0.0264276
-4.37162	-0.0264276
-4.36352	-2.36329
3.90383	-2.36329
3.90383	-2.36329
-3.92432	-2.59778
-3.92432	-2.59778
4.34303	-2.59778
-3.66696	-2.43499
-3.66696	-2.43499
-3.66696	-2.43499
-3.67892	-1.88074
-3.67892	-1.88074
-3.67892	-1.88074
-3.22568	-3.19155
-3.22568	-3.19155
-3.22568	-3.19155
-3.24747	-2.64362
-3.24747	-2.64362
-3.24747	-2.64362
-3.09179	-1.58664
-3.09179	-1.58664
-3.09179	-1.58664
-3.18244	-1.54653
-3.18244	-1.54653
-3.18244	-1.54653
-2.99753	-2.45507
-2.99753	-2.45507
-2.99753	-2.45507
1.99164	3.81284
1.99164	3.81284
1.99164	3.81284
2.34515	3.62717
2.34515	3.62717
2.34515	3.62717
2.72396	4.50747
2.72396	-4.33304
2.72396	4.50747
2.74571	3.88418
2.74571	3.88418
2.74571	3.88418
1.48635	2.98423
1.48635	2.98423
1.48635	2.98423
0.773457	3.2013
0.773457	3.2013
0.773457	3.2013
0.734815	3.53784
0.734815	3.53784
0.734815	3.53784
1.69584	3.15398
1.69584	3.15398
1.69584	3.15398
1.66448	3.60772
1.66448	3.60772
1.66448	3.60772
1.2424	3.83851
1.2424	3.83851
1.2424	3.83851
0.485657	2.00966
0.485657	2.00966
0.485657	2.00966
0.398091	2.83593
0.398091	2.83593
0.398091	2.83593
-0.0969434	2.96305
-0.0969434	2.96305
-0.0969434	2.96305
1.24852	4.35074
1.24852	4.35074
1.24852	-4.48977
3.2263	3.61913
3.2263	3.61913
3.2263	3.61913
3.23299	3.32873
3.23299	3.32873
3.23299	3.32873
3.35808	4.90076
3.35808	-3.93975
3.35808	-3.93975
3.81424	4.6612
3.81424	-4.17931
3.81424	4.6612
3.83091	3.96712
3.83091	3.96712
3.83091	3.96712
4.39964	3.96862
-3.86771	3.96862
-3.86771	3.96862
4.11024	3.79841
-4.15711	3.79841
4.11024	3.79841
4.05031	4.81365
4.05031	-4.02686
-4.21704	-4.02686
3.38362	1.69061
3.38362	1.69061
3.38362	1.69061
3.44157	1.06445
3.44157	1.06445
3.44157	1.06445
3.9338	0.837679
3.9338	0.837679
3.9338	0.837679
4.58059	0.179584
-3.68676	0.179584
-3.68676	0.179584
4.62843	0.565124
-3.63892	0.565124
-3.63892	0.565124
3.99324	0.875715
3.99324	0.875715
-4.27411	0.875715
-2.79948	4.8484
-2.79948	-3.99211
-2.79948	-3.99211
-2.11361	4.28936
-2.11361	-4.55115
-2.11361	4.28936
-3.36302	4.64012
-3.36302	4.64012
-3.36302	-4.20039
-2.07067	3.53728
-2.07067	3.53728
-2.07067	3.53728
-2.63187	3.29994
-2.63187	3.29994
-2.63187	3.29994
-3.30687	3.81864
-3.30687	3.81864
-3.30687	3.81864
-3.40065	3.7414
-3.40065	3.7414
-3.40065	3.7414
-3.41012	3.03977
-3.41012	3.03977
-3.41012	3.03977
-3.08565	2.7876
-3.08565	2.7876
-3.08565	2.7876
-2.68633	2.95986
-2.68633	2.95986
-2.68633	2.95986
-3.1501	2.17423
-3.1501	2.17423
-3.1501	2.17423
-3.42035	1.98673
-3.42035	1.98673
-3.42035	1.98673
-3.68373	2.07768
-3.68373	2.07768
4.58362	2.07768
-3.75079	2.91679
4.51656	2.91679
-3.75079	2.91679
-3.29778	-0.0806609
-3.29778	-0.0806609
-3.29778	-0.0806609
-2.97621	-0.611323
-2.97621	-0.611323
-2.97621	-0.611323
-3.29549	-1.13987
-3.29549	-1.13987
-3.29549	-1.13987
-2.41874	-1.2081
-2.41874	-1.2081
-2.41874	-1.2081
-2.36404	-0.746403
-2.36404	-0.746403
-2.36404	-0.746403
-2.62787	-0.535138
-2.62787	-0.535138
-2.62787	-0.535138
-1.75557	-1.67889
-1.75557	-1.67889
-1.75557	-1.67889
-2.47994	-2.64969
-2.47994	-2.64969
-2.47994	-2.64969
-1.78117	-2.16767
-1.78117	-2.16767
-1.78117	-2.16767
-2.20427	-3.7184
-2.20427	-3.7184
-2.20427	-3.7184
-1.61509	-3.07906
-1.61509	-3.07906
-1.61509	-3.07906
-1.42635	-2.45443
-1.42635	-2.45443
-1.42635	-2.45443
-2.67128	-3.50376
-2.67128	-3.50376
-2.67128	-3.50376
-2.71599	-3.5234
-2.71599	-3.5234
-2.71599	-3.5234
-2.05542	-4.50771
-2.05542	-4.50771
-2.05542	4.3328
4.07352	3.28897
4.07352	3.28897
-4.19383	3.28897
3.62248	3.09066
3.62248	3.09066
3.62248	3.09066
3.95328	1.62024
-4.31406	1.62024
3.95328	1.62024
3.62181	1.81991
3.62181	1.81991
3.62181	1.81991
-3.14502	0.997966
-3.14502	0.997966
-3.14502	0.997966
-1.63003	-0.430884
-1.63003	-0.430884
-1.63003	-0.430884
-1.26108	-1.4727
-1.26108	-1.4727
-1.26108	-1.4727
-1.17532	-0.756905
-1.17532	-0.756905
-1.17532	-0.756905
-1.69658	2.81452
-1.69658	2.81452
-1.69658	2.81452
-1.70859	3.33984
-1.70859	3.33984
-1.70859	3.33984
-1.21162	3.74293
-1.21162	3.74293
-1.21162	3.74293
-1.43871	2.65196
-1.43871	2.65196
-1.43871	2.65196
-1.10146	2.79992
-1.10146	2.79992
-1.10146	2.79992
-0.957859	3.67878
-0.957859	3.67878
-0.957859	3.67878
-2.10537	2.58234
-2.10537	2.58234
-2.10537	2.58234
-0.818066	2.6008
-0.818066	2.6008
-0.818066	2.6008
-2.0695	1.89225
-2.0695	1.89225
-2.0695	1.89225
-2.33098	1.65954
-2.33098	1.65954
-2.33098	1.65954
-2.01195	0.862831
-2.01195	0.862831
-2.01195	0.862831
-2.2269	0.98629
-2.2269	0.98629
-2.2269	0.98629
-2.02928	0.389496
-2.02928	0.389496
-2.02928	0.389496
-2.83655	0.716063
-2.83655	0.716063
-2.83655	0.716063
-2.87682	0.339534
-2.87682	0.339534
-2.87682	0.339534
-2.54471	0.138888
-2.54471	0.138888
-2.54471	0.138888
-1.5829	0.0883492
-1.5829	0.0883492
-1.5829	0.0883492
-0.950541	-1.72808
-0.950541	-1.72808
-0.950541	-1.72808
-0.588319	-1.58854
-0.588319	-1.58854
-0.588319	-1.58854
-0.233538	-1.88881
-0.233538	-1.88881
-0.233538	-1.88881
-0.712346	-2.67497
-0.712346	-2.67497
-0.712346	-2.67497
-1.07292	-2.35318
-1.07292	-2.35318
-1.07292	-2.35318
-0.353562	-2.54509
-0.353562	-2.54509
-0.353562	-2.54509
-0.539838	-0.95113
-0.539838	-0.95113
-0.539838	-0.95113
-0.997497	-0.668679
-0.997497	-0.668679
-0.997497	-0.668679
-1.2325	-3.24191
-1.2325	-3.24191
-1.2325	-3.24191
-0.798725	-3.07039
-0.798725	-3.07039
-0.798725	-3.07039
0.109156	-2.88011
0.109156	-2.88011
0.109156	-2.88011
0.0973444	-3.16912
0.0973444	-3.16912
0.0973444	-3.16912
0.90338	-3.59558
0.90338	-3.59558
0.90338	-3.59558
-0.241126	-3.44588
-0.241126	-3.44588
-0.241126	-3.44588
1.07479	-4.38445
1.07479	-4.38445
1.07479	4.45607
0.521632	-4.61522
0.521632	4.22529
0.521632	4.22529
0.035619	-4.20892
0.035619	4.63159
0.035619	-4.20892
-0.148644	1.72681
-0.148644	1.72681
-0.148644	1.72681
-0.692931	1.88316
-0.692931	1.88316
-0.692931	1.88316
-0.418556	0.885557
-0.418556	0.885557
-0.418556	0.885557
-0.943112	1.63703
-0.943112	1.63703
-0.943112	1.63703
-1.43635	1.84647
-1.43635	1.84647
-1.43635	1.84647
-1.65435	1.69877
-1.65435	1.69877
-1.65435	1.69877
-1.6273	1.08513
-1.6273	1.08513
-1.6273	1.08513
-0.582803	0.835622
-0.582803	0.835622
-0.582803	0.835622
-0.677263	0.136769
-0.677263	0.136769
-0.677263	0.136769
-0.894665	1.0525
-0.894665	1.0525
-0.894665	1.0525
-0.947	0.016986
-0.947	0.016986
-0.947	0.016986
-1.26587	0.240923
-1.26587	0.240923
-1.26587	0.240923
-1.2378	0.859608
-1.2378	0.859608
-1.2378	0.859608
-1.00885	4.62205
-1.00885	-4.21846
-1.00885	-4.21846
-1.31931	4.10191
-1.31931	-4.7386
-1.31931	4.10191
0.221825	4.61516
0.221825	-4.22536
0.221825	-4.22536
0.550011	-3.59196
0.550011	-3.59196
0.550011	-3.59196
-0.112643	3.26747
-0.112643	3.26747
-0.112643	3.26747
-0.854261	3.39663
-0.854261	3.39663
-0.854261	3.39663
-0.129587	1.37096
-0.129587	1.37096
-0.129587	1.37096
0.52529	1.22255
0.52529	1.22255
0.52529	1.22255
-3.04564	0.988679
-3.04564	0.988679
-3.04564	0.988679
-2.66313	1.68653
-2.66313	1.68653
-2.66313	1.68653
-3.87607	2.56002
4.39128	2.56002
4.39128	2.56002
3.7144	2.44248
3.7144	2.44248
3.7144	2.44248
2.93308	2.47723
2.93308	2.47723
2.93308	2.47723
3.54094	2.60766
3.54094	2.60766
3.54094	2.60766
-1.66745	-2.92626
-1.66745	-2.92626
-1.66745	-2.92626
-2.41966	-2.84415
-2.41966	-2.84415
-2.41966	-2.84415
-0.500981	-3.43085
-0.500981	-3.43085
-0.500981	-3.43085
-0.809396	4.66009
-0.809396	-4.18043
-0.809396	-4.18043
1.6866	-2.96609
1.6866	-2.96609
1.6866	-2.96609
1.34791	-3.55749
1.34791	-3.55749
1.34791	-3.55749
1.57528	-2.24169
1.57528	-2.24169
1.57528	-2.24169
2.36875	-2.23534
2.36875	-2.23534
2.36875	-2.23534
-3.48067	-0.0822603
-3.48067	-0.0822603
-3.48067	-0.0822603
4.29679	-0.864924
-3.97056	-0.864924
-3.97056	-0.864924
-1.32309	-3.87031
-1.32309	-3.87031
-1.32309	-3.87031
-2.01085	-4.0421
-2.01085	-4.0421
-2.01085	-4.0421
3.09136	0.664631
3.09136	0.664631
3.09136	0.664631
3.45365	-0.00500235
3.45365	-0.00500235
3.45365	-0.00500235
-2.48869	-4.44811
-2.48869	4.3924
-2.48869	4.3924
-2.9557	3.74203
-2.9557	3.74203
-2.9557	3.74203
0.0375903	2.83857
0.0375903	2.83857
0.0375903	2.83857
-0.307135	1.87916
-0.307135	1.87916
-0.307135	1.87916
0.226363	-1.42885
0.226363	-1.42885
0.226363	-1.42885
1.05594	-1.40282
1.05594	-1.40282
1.05594	-1.40282
generation	20	696
1.39261	-1.81633
1.39261	-1.81633
1.39261	-1.81633
1.41414	-2.53897
1.41414	-2.53897
1.41414	-2.53897
1.90704	-1.37692
1.90704	-1.37692
1.90704	-1.37692
2.54292	-2.59408
2.54292	-2.59408
2.54292	-2.59408
2.51112	-1.79738
2.51112	-1.79738
2.51112	-1.79738
2.18439	-3.02577
2.18439	-3.02577
2.18439	-3.02577
1.90495	-1.03996
1.90495	-1.03996
1.90495	-1.03996
2.12784	-0.912269
2.12784	-0.912269
2.12784	-0.912269
2.83995	-1.65697
2.83995	-1.65697
2.83995	-1.65697
2.83913	-1.2989
2.83913	-1.2989
2.83913	-1.2989
1.19881	-0.937858
1.19881	-0.937858
1.19881	-0.937858
1.23639	-1.78751
1.23639	-1.78751
1.23639	-1.78751
1.51852	-0.797783
1.51852	-0.797783
1.51852	-0.797783
0.827976	-2.71625
0.827976	-2.71625
0.827976	-2.71625
0.662469	-2.25187
0.662469	-2.25187
0.662469	-2.25187
0.647681	-2.60134
0.647681	-2.60134
0.647681	-2.60134
0.0795965	-1.79971
0.0795965	-1.79971
0.0795965	-1.79971
0.683169	-0.596057
0.683169	-0.596057
0.683169	-0.596057
0.0836315	-1.0481
0.0836315	-1.0481
0.0836315	-1.0481
0.0273716	0.0991857
0.0273716	0.0991857
0.0273716	0.0991857
-0.3622	-0.090951
-0.3622	-0.090951
-0.3622	-0.090951
0.680744	-0.310405
0.680744	-0.310405
0.680744	-0.310405
-0.376709	-0.8549
-0.376709	-0.8549
-0.376709	-0.8549
3.90459	-1.74365
-4.34807	-1.74365
3.90459	-1.74365
4.20676	-1.61454
-4.0459	-1.61454
-4.0459	-1.61454
4.40607	-1.09963
-3.84659	-1.09963
-3.84659	-1.09963
3.89141	-0.76802
3.89141	-0.76802
-4.36125	-0.76802
3.60934	-1.00326
3.60934	-1.00326
3.60934	-1.00326
3.66124	-1.59582
3.66124	-1.59582
3.66124	-1.59582
3.19939	-1.87497
3.19939	-1.87497
3.19939	-1.87497
3.37593	-0.909557
3.37593	-0.909557
3.37593	-0.909557
3.5686	-2.57122
3.5686	-2.57122
3.5686	-2.57122
3.23143	-2.40683
3.23143	-2.40683
3.23143	-2.40683
2.89704	-2.67564
2.89704	-2.67564
2.89704	-2.67564
3.60994	-3.21723
3.60994	-3.21723
3.60994	-3.21723
3.32136	-3.41793
3.32136	-3.41793
3.32136	-3.41793
2.99045	-3.26136
2.99045	-3.26136
2.99045	-3.26136
2.2968	-3.56819
2.2968	-3.56819
2.2968	-3.56819
2.45932	-3.64352
2.45932	-3.64352
2.45932	-3.64352
4.01783	-3.42283
-4.23483	-3.42283
4.01783	-3.42283
-3.87987	-4.20548
-3.87987	4.63469
4.37279	4.63469
-3.90593	-3.21888
4.34673	-3.21888
-3.90593	-3.21888
-3.59461	-3.40183
-3.59461	-3.40183
-3.59461	-3.40183
-3.60348	-4.04514
-3.60348	-4.04514
-3.60348	4.79503
2.1952	2.88336
2.1952	2.88336
2.1952	2.88336
2.39813	3.0151
2.39813	3.0151
2.39813	3.0151
2.71762	2.91078
2.71762	2.91078
2.71762	2.91078
2.81709	2.07335
2.81709	2.07335
2.81709	2.07335
2.39911	1.92991
2.39911	1.92991
2.39911	1.92991
2.08894	2.25651
2.08894	2.25651
2.08894	2.25651
0.413817	3.76979
0.413817	3.76979
0.413817	3.76979
-0.363333	4.13988
-0.363333	4.13988
-0.363333	4.13988
-0.361821	4.30719
-0.361821	4.30719
-0.361821	-4.53298
0.152318	3.70357
0.152318	3.70357
0.152318	3.70357
2.14585	-0.15622
2.14585	-0.15622
2.14585	-0.15622
3.2392	-0.268372
3.2392	-0.268372
3.2392	-0.268372
2.46563	0.0314456
2.46563	0.0314456
2.46563	0.0314456
1.24266	0.0187918
1.24266	0.0187918
1.24266	0.0187918
1.18067	0.682394
1.18067	0.682394
1.18067	0.682394
1.53621	-0.143571
1.53621	-0.143571
1.53621	-0.143571
1.45802	0.918777
1.45802	0.918777
1.45802	0.918777
1.84616	0.747332
1.84616	0.747332
1.84616	0.747332
1.84965	0.0325875
1.84965	0.0325875
1.84965	0.0325875
0.0366375	0.518533
0.0366375	0.518533
0.0366375	0.518533
0.600438	0.904936
0.600438	0.904936
0.600438	0.904936
0.817395	1.66518
0.817395	1.66518
0.817395	1.66518
1.25447	1.65016
1.25447	1.65016
1.25447	1.65016
1.71495	2.24042
1.71495	2.24042
1.71495	2.24042
2.19871	0.920423
2.19871	0.920423
2.19871	0.920423
2.53062	0.606499
2.53062	0.606499
2.53062	0.606499
1.6046	-4.30874
1.6046	4.53142
1.6046	-4.30874
1.98132	-4.54841
1.98132	4.29176
1.98132	4.29176
2.50762	-4.22482
2.50762	-4.22482
2.50762	4.61535
1.65241	-3.90232
1.65241	-3.90232
1.65241	-3.90232
0.956586	-3.52278
0.956586	-3.52278
0.956586	-3.52278
3.81772	0.0448704
3.81772	0.0448704
3.81772	0.0448704
3.89366	-0.0268433
3.89366	-0.0268433
-4.359	-0.0268433
-4.35581	-2.36431
3.89685	-2.36431
3.89685	-2.36431
-3.91792	-2.60182
-3.91792	-2.60182
4.33474	-2.60182
-3.65801	-2.43214
-3.65801	-2.43214
-3.65801	-2.43214
-3.67133	-1.88043
-3.67133	-1.88043
-3.67133	-1.88043
-3.22038	-3.19171
-3.22038	-3.19171
-3.22038	-3.19171
-3.24268	-2.64287
-3.24268	-2.64287
-3.24268	-2.64287
-3.08072	-1.59126
-3.08072	-1.59126
-3.08072	-1.59126
-3.18015	-1.54502
-3.18015	-1.54502
-3.18015	-1.54502
-2.98798	-2.45139
-2.98798	-2.45139
-2.98798	-2.45139
1.99016	3.81407
1.99016	3.81407
1.99016	3.81407
2.34168	3.62781
2.34168	3.62781
2.34168	3.62781
2.7212	4.50581
2.7212	-4.33436
2.7212	4.50581
2.74333	3.8862
2.74333	3.8862
2.74333	3.8862
1.48285	2.981
1.48285	2.981
1.48285	2.981
0.77752	3.19711
0.77752	3.19711
0.77752	3.19711
0.737498	3.54193
0.737498	3.54193
0.737498	3.54193
1.69433	3.15217
1.69433	3.15217
1.69433	3.15217
1.6621	3.60601
1.6621	3.60601
1.6621	3.60601
1.23836	3.83824
1.23836	3.83824
1.23836	3.83824
0.482251	2.00844
0.482251	2.00844
0.482251	2.00844
0.395031	2.82749
0.395031	2.82749
0.395031	2.82749
-0.100004	2.95916
-0.100004	2.95916
-0.100004	2.95916
1.24602	4.35052
1.24602	4.35052
1.24602	-4.48965
3.22084	3.62237
3.22084	3.62237
3.22084	3.62237
3.22776	3.32322
3.22776	3.32322
3.22776	3.32322
3.35036	4.90004
3.35036	-3.94013
3.35036	-3.94013
3.80365	4.6598
3.80365	-4.18037
3.80365	4.6598
3.82002	3.96746
3.82002	3.96746
3.82002	3.96746
4.39363	3.96889
-3.85903	3.96889
-3.85903	3.96889
4.10193	3.79709
-4.15073	3.79709
4.10193	3.79709
4.04399	4.81344
4.04399	-4.02673
-4.20867	-4.02673
3.37638	1.69202
3.37638	1.69202
3.37638	1.69202
3.43677	1.06033
3.43677	1.06033
3.43677	1.06033
3.92061	0.835349
3.92061	0.835349
3.92061	0.835349
4.56869	0.177338
-3.68397	0.177338
-3.68397	0.177338
4.61227	0.570634
-3.64039	0.570634
-3.64039	0.570634
3.992	0.877503
3.992	0.877503
-4.26066	0.877503
-2.7995	4.84551
-2.7995	-3.99466
-2.7995	-3.99466
-2.11215	4.28669
-2.11215	-4.55348
-2.11215	4.28669
-3.35132	4.63856
-3.35132	4.63856
-3.35132	-4.20161
-2.06734	3.53887
-2.06734	3.53887
-2.06734	3.53887
-2.62407	3.30291
-2.62407	3.30291
-2.62407	3.30291
-3.29744	3.82186
-3.29744	3.82186
-3.29744	3.82186
-3.39901	3.7432
-3.39901	3.7432
-3.39901	3.7432
-3.40773	3.04044
-3.40773	3.04044
-3.40773	3.04044
-3.0758	2.78726
-3.0758	2.78726
-3.0758	2.78726
-2.68092	2.96027
-2.68092	2.96027
-2.68092	2.96027
-3.14481	2.16718
-3.14481	2.16718
-3.14481	2.16718
-3.4123	1.98509
-3.4123	1.98509
-3.4123	1.98509
-3.6805	2.07622
-3.6805	2.07622
4.57217	2.07622
-3.74845	2.9166
4.50421	2.9166
-3.74845	2.9166
-3.28829	-0.0834912
-3.28829	-0.0834912
-3.28829	-0.0834912
-2.9729	-0.609274
-2.9729	-0.609274
-2.9729	-0.609274
-3.2924	-1.13916
-3.2924	-1.13916
-3.2924	-1.13916
-2.411	-1.21177
-2.411	-1.21177
-2.411	-1.21177
-2.35758	-0.747279
-2.35758	-0.747279
-2.35758	-0.747279
-2.62407	-0.532919
-2.62407	-0.532919
-2.62407	-0.532919
-1.75353	-1.6774
-1.75353	-1.6774
-1.75353	-1.6774
-2.47153	-2.64685
-2.47153	-2.64685
-2.47153	-2.64685
-1.78199	-2.1716
-1.78199	-2.1716
-1.78199	-2.1716
-2.19286	-3.71274
-2.19286	-3.71274
-2.19286	-3.71274
-1.6143	-3.0836
-1.6143	-3.0836
-1.6143	-3.0836
-1.42923	-2.453
-1.42923	-2.453
-1.42923	-2.453
-2.65998	-3.50118
-2.65998	-3.50118
-2.65998	-3.50118
-2.71511	-3.52642
-2.71511	-3.52642
-2.71511	-3.52642
-2.04731	-4.50686
-2.04731	-4.50686
-2.04731	4.3333
4.06515	3.28761
4.06515	3.28761
-4.18751	3.28761
3.61405	3.09021
3.61405	3.09021
3.61405	3.09021
3.94791	1.62141
-4.30475	1.62141
3.94791	1.62141
3.61861	1.81968
3.61861	1.81968
3.61861	1.81968
-3.14202	1.00328
-3.14202	1.00328
-3.14202	1.00328
-1.6282	-0.432273
-1.6282	-0.432273
-1.6282	-0.432273
-1.2621	-1.47182
-1.2621	-1.47182
-1.2621	-1.47182
-1.17697	-0.757648
-1.17697	-0.757648
-1.17697	-0.757648
-1.69615	2.81265
-1.69615	2.81265
-1.69615	2.81265
-1.70755	3.34469
-1.70755	3.34469
-1.70755	3.34469
-1.21204	3.74393
-1.21204	3.74393
-1.21204	3.74393
-1.43404	2.64939
-1.43404	2.64939
-1.43404	2.64939
-1.0956	2.79788
-1.0956	2.79788
-1.0956	2.79788
-0.953577	3.67794
-0.953577	3.67794
-0.953577	3.67794
-2.0999	2.58367
-2.0999	2.58367
-2.0999	2.58367
-0.810978	2.60022
-0.810978	2.60022
-0.810978	2.60022
-2.06535	1.89139
-2.06535	1.89139
-2.06535	1.89139
-2.32891	1.65568
-2.32891	1.65568
-2.32891	1.65568
-2.00886	0.861342
-2.00886	0.861342
-2.00886	0.861342
-2.22727	0.988831
-2.22727	0.988831
-2.22727	0.988831
-2.02637	0.389096
-2.02637	0.389096
-2.02637	0.389096
-2.82807	0.721301
-2.82807	0.721301
-2.82807	0.721301
-2.86716	0.333365
-2.86716	0.333365
-2.86716	0.333365
-2.54086	0.138321
-2.54086	0.138321
-2.54086	0.138321
-1.58157	0.0872533
-1.58157	0.0872533
-1.58157	0.0872533
-0.950945	-1.72763
-0.950945	-1.72763
-0.950945	-1.72763
-0.587215	-1.58894
-0.587215	-1.58894
-0.587215	-1.58894
-0.230211	-1.89063
-0.230211	-1.89063
-0.230211	-1.89063
-0.711129	-2.67215
-0.711129	-2.67215
-0.711129	-2.67215
-1.07037	-2.35318
-1.07037	-2.35318
-1.07037	-2.35318
-0.349939	-2.54402
-0.349939	-2.54402
-0.349939	-2.54402
-0.539855	-0.950245
-0.539855	-0.950245
-0.539855	-0.950245
-0.995217	-0.666688
-0.995217	-0.666688
-0.995217	-0.666688
-1.23384	-3.24791
-1.23384	-3.24791
-1.23384	-3.24791
-0.798918	-3.07402
-0.798918	-3.07402
-0.798918	-3.07402
0.107787	-2.87762
0.107787	-2.87762
0.107787	-2.87762
0.0989541	-3.1753
0.0989541	-3.1753
0.0989541	-3.1753
0.898003	-3.60164
0.898003	-3.60164
0.898003	-3.60164
-0.239597	-3.45111
-0.239597	-3.45111
-0.239597	-3.45111
1.06723	-4.38095
1.06723	-4.38095
1.06723	4.45921
0.523424	-4.61044
0.523424	4.22973
0.523424	4.22973
0.0333589	-4.20513
0.0333589	4.63504
0.0333589	-4.20513
-0.144679	1.72679
-0.144679	1.72679
-0.144679	1.72679
-0.68767	1.88902
-0.68767	1.88902
-0.68767	1.88902
-0.409141	0.884777
-0.409141	0.884777
-0.409141	0.884777
-0.94445	1.63896
-0.94445	1.63896
-0.94445	1.63896
-1.43127	1.84857
-1.43127	1.84857
-1.43127	1.84857
-1.65137	1.69664
-1.65137	1.69664
-1.65137	1.69664
-1.6247	1.08711
-1.6247	1.08711
-1.6247	1.08711
-0.584343	0.834382
-0.584343	0.834382
-0.584343	0.834382
-0.675184	0.134916
-0.675184	0.134916
-0.675184	0.134916
-0.89538	1.05109
-0.89538	1.05109
-0.89538	1.05109
-0.944604	0.0151863
-0.944604	0.0151863
-0.944604	0.0151863
-1.26474	0.23934
-1.26474	0.23934
-1.26474	0.23934
-1.23597	0.86144
-1.23597	0.86144
-1.23597	0.86144
-1.01331	4.62463
-1.01331	-4.21554
-1.01331	-4.21554
-1.31944	4.10522
-1.31944	-4.73495
-1.31944	4.10522
0.221797	4.61954
0.221797	-4.22063
0.221797	-4.22063
0.543824	-3.5952
0.543824	-3.5952
0.543824	-3.5952
-0.119581	3.26997
-0.119581	3.26997
-0.119581	3.26997
-0.847005	3.39443
-0.847005	3.39443
-0.847005	3.39443
-0.122025	1.37085
-0.122025	1.37085
-0.122025	1.37085
0.522415	1.22425
0.522415	1.22425
0.522415	1.22425
-3.03844	0.992136
-3.03844	0.992136
-3.03844	0.992136
-2.6624	1.6828
-2.6624	1.6828
-2.6624	1.6828
-3.87479	2.55759
4.37787	2.55759
4.37787	2.55759
3.71057	2.44057
3.71057	2.44057
3.71057	2.44057
2.93127	2.4777
2.93127	2.4777
2.93127	2.4777
3.53531	2.60903
3.53531	2.60903
3.53531	2.60903
-1.67066	-2.92568
-1.67066	-2.92568
-1.67066	-2.92568
-2.40754	-2.84396
-2.40754	-2.84396
-2.40754	-2.84396
-0.500797	-3.43781
-0.500797	-3.43781
-0.500797	-3.43781
-0.80391	4.66459
-0.80391	-4.17558
-0.80391	-4.17558
1.683	-2.96915
1.683	-2.96915
1.683	-2.96915
1.34949	-3.55462
1.34949	-3.55462
1.34949	-3.55462
1.57529	-2.23956
1.57529	-2.23956
1.57529	-2.23956
2.35911	-2.23294
2.35911	-2.23294
2.35911	-2.23294
-3.47758	-0.0838662
-3.47758	-0.0838662
-3.47758	-0.0838662
4.28892	-0.859623
-3.96374	-0.859623
-3.96374	-0.859623
-1.32239	-3.87113
-1.32239	-3.87113
-1.32239	-3.87113
-1.99971	-4.03852
-1.99971	-4.03852
-1.99971	-4.03852
3.0859	0.662746
3.0859	0.662746
3.0859	0.662746
3.44683	-0.000720334
3.44683	-0.000720334
3.44683	-0.000720334
-2.48793	-4.45307
-2.48793	4.3871
-2.48793	4.3871
-2.94533	3.74613
-2.94533	3.74613
-2.94533	3.74613
0.0350101	2.83156
0.0350101	2.83156
0.0350101	2.83156
-0.306659	1.88648
-0.306659	1.88648
-0.306659	1.88648
0.234975	-1.4286
0.234975	-1.4286
0.234975	-1.4286
1.04623	-1.40144
1.04623	-1.40144
1.04623	-1.40144
generation	30	696
1.05733	-1.62676
1.05733	-1.62676
1.05733	-1.62676
1.03946	-2.34441
1.03946	-2.34441
1.03946	-2.34441
1.34073	-1.3712
1.34073	-1.3712
1.34073	-1.3712
1.70965	-2.18993
1.70965	-2.18993
1.70965	-2.18993
1.69625	-1.60619
1.69625	-1.60619
1.69625	-1.60619
1.46721	-2.49951
1.46721	-2.49951
1.46721	-2.49951
1.32147	-0.940839
1.32147	-0.940839
1.32147	-0.940839
1.3936	-0.896417
1.3936	-0.896417
1.3936	-0.896417
1.92689	-1.48831
1.92689	-1.48831
1.92689	-1.48831
1.92055	-1.21028
1.92055	-1.21028
1.92055	-1.21028
0.890426	-0.876613
0.890426	-0.876613
0.890426	-0.876613
0.953752	-1.60936
0.953752	-1.60936
0.953752	-1.60936
1.06091	-0.781037
1.06091	-0.781037
1.06091	-0.781037
0.709721	-2.48727
0.709721	-2.48727
0.709721	-2.48727
0.734654	-1.80475
0.734654	-1.80475
0.734654	-1.80475
0.701473	-2.4649
0.701473	-2.4649
0.701473	-2.4649
0.345268	-1.51853
0.345268	-1.51853
0.345268	-1.51853
0.601462	-0.761382
0.601462	-0.761382
0.601462	-0.761382
0.274893	-1.17816
0.274893	-1.17816
0.274893	-1.17816
-0.187053	0.0519071
-0.187053	0.0519071
-0.187053	0.0519071
-0.36236	0.000259069
-0.36236	0.000259069
-0.36236	0.000259069
0.537803	-0.385427
0.537803	-0.385427
0.537803	-0.385427
-0.277535	-1.21215
-0.277535	-1.21215
-0.277535	-1.21215
2.73558	-1.5031
-3.06526	-1.5031
2.73558	-1.5031
2.93272	-1.41482
-2.86812	-1.41482
-2.86812	-1.41482
3.08514	-0.993122
-2.71571	-0.993122
-2.71571	-0.993122
2.8089	-0.656426
2.8089	-0.656426
-2.99194	-0.656426
2.52366	-0.88271
2.52366	-0.88271
2.52366	-0.88271
2.55342	-1.39969
2.55342	-1.39969
2.55342	-1.39969
2.22449	-1.61889
2.22449	-1.61889
2.22449	-1.61889
2.50912	-0.869586
2.50912	-0.869586
2.50912	-0.869586
2.50677	-2.19248
2.50677	-2.19248
2.50677	-2.19248
2.24485	-2.09058
2.24485	-2.09058
2.24485	-2.09058
2.04898	-2.25236
2.04898	-2.25236
2.04898	-2.25236
2.52129	-2.6637
2.52129	-2.6637
2.52129	-2.6637
2.37148	-2.7719
2.37148	-2.7719
2.37148	-2.7719
2.1167	-2.67111
2.1167	-2.67111
2.1167	-2.67111
1.51151	-2.74945
1.51151	-2.74945
1.51151	-2.74945
1.8027	-2.89764
1.8027	-2.89764
1.8027	-2.89764
2.91658	-2.83194
-2.88426	-2.83194
2.91658	-2.83194
-2.60798	-3.49607
-2.60798	3.89691
3.19286	3.89691
-2.70739	-2.70853
3.09346	-2.70853
-2.70739	-2.70853
-2.43994	-2.85089
-2.43994	-2.85089
-2.43994	-2.85089
-2.44645	-3.3686
-2.44645	-3.3686
-2.44645	4.02438
1.59377	2.48434
1.59377	2.48434
1.59377	2.48434
1.63416	2.51074
1.63416	2.51074
1.63416	2.51074
2.06606	2.38325
2.06606	2.38325
2.06606	2.38325
2.13899	1.88674
2.13899	1.88674
2.13899	1.88674
1.91159	1.79316
1.91159	1.79316
1.91159	1.79316
1.54972	2.14548
1.54972	2.14548
1.54972	2.14548
0.201575	3.25934
0.201575	3.25934
0.201575	3.25934
-0.298474	3.42492
-0.298474	3.42492
-0.298474	3.42492
-0.310596	3.70177
-0.310596	3.70177
-0.310596	-3.69121
0.0362057	3.1946
0.0362057	3.1946
0.0362057	3.1946
1.42399	-0.109833
1.42399	-0.109833
1.42399	-0.109833
2.40536	-0.159606
2.40536	-0.159606
2.40536	-0.159606
1.86037	0.106675
1.86037	0.106675
1.86037	0.106675
1.0026	-0.0986974
1.0026	-0.0986974
1.0026	-0.0986974
0.886498	0.561766
0.886498	0.561766
0.886498	0.561766
1.08963	-0.15433
1.08963	-0.15433
1.08963	-0.15433
1.05302	0.711007
1.05302	0.711007
1.05302	0.711007
1.35038	0.54678
1.35038	0.54678
1.35038	0.54678
1.31479	-0.0342194
1.31479	-0.0342194
1.31479	-0.0342194
-0.148358	0.597658
-0.148358	0.597658
-0.148358	0.597658
0.219408	0.799347
0.219408	0.799347
0.219408	0.799347
0.324034	1.52119
0.324034	1.52119
0.324034	1.52119
0.839059	1.50333
0.839059	1.50333
0.839059	1.50333
1.26916	2.11666
1.26916	2.11666
1.26916	2.11666
1.64772	0.66945
1.64772	0.66945
1.64772	0.66945
1.92851	0.372583
1.92851	0.372583
1.92851	0.372583
0.906347	-3.63303
0.906347	3.75996
0.906347	-3.63303
1.29905	-3.85534
1.29905	3.53764
1.29905	3.53764
1.83791	-3.49834
1.83791	-3.49834
1.83791	3.89464
0.986281	-2.9726
0.986281	-2.9726
0.986281	-2.9726
0.721757	-2.93966
0.721757	-2.93966
0.721757	-2.93966
2.65694	-0.0314647
2.65694	-0.0314647
2.65694	-0.0314647
2.82603	-0.210727
2.82603	-0.210727
-2.97481	-0.210727
-3.09006	-2.0432
2.71078	-2.0432
2.71078	-2.0432
-2.72377	-2.2097
-2.72377	-2.2097
3.07707	-2.2097
-2.60281	-2.12114
-2.60281	-2.12114
-2.60281	-2.12114
-2.65053	-1.566
-2.65053	-1.566
-2.65053	-1.566
-2.28033	-2.74973
-2.28033	-2.74973
-2.28033	-2.74973
-2.30156	-2.26472
-2.30156	-2.26472
-2.30156	-2.26472
-2.27045	-1.43906
-2.27045	-1.43906
-2.27045	-1.43906
-2.39264	-1.37598
-2.39264	-1.37598
-2.39264	-1.37598
-2.28549	-2.25348
-2.28549	-2.25348
-2.28549	-2.25348
1.32063	3.20222
1.32063	3.20222
1.32063	3.20222
1.57033	3.0798
1.57033	3.0798
1.57033	3.0798
1.8623	3.89671
1.8623	-3.49627
1.8623	3.89671
1.89197	3.306
1.89197	3.306
1.89197	3.306
1.09567	2.60618
1.09567	2.60618
1.09567	2.60618
0.495541	2.78756
0.495541	2.78756
0.495541	2.78756
0.472955	3.05415
0.472955	3.05415
0.472955	3.05415
1.18666	2.68061
1.18666	2.68061
1.18666	2.68061
1.14374	3.07479
1.14374	3.07479
1.14374	3.07479
0.79062	3.24332
0.79062	3.24332
0.79062	3.24332
0.129019	1.7471
0.129019	1.7471
0.129019	1.7471
0.100737	2.3974
0.100737	2.3974
0.100737	2.3974
-0.0655791	2.52133
-0.0655791	2.52133
-0.0655791	2.52133
0.784031	3.6864
0.784031	3.6864
0.784031	-3.70658
2.41208	3.03542
2.41208	3.03542
2.41208	3.03542
2.43795	2.69393
2.43795	2.69393
2.43795	2.69393
2.40283	4.27169
2.40283	-3.1213
2.40283	-3.1213
2.94218	3.99108
2.94218	-3.4019
2.94218	3.99108
2.89783	3.29919
2.89783	3.29919
2.89783	3.29919
3.2334	3.41622
-2.56745	3.41622
-2.56745	3.41622
2.95528	3.25334
-2.84556	3.25334
2.95528	3.25334
2.95417	4.00166
2.95417	-3.39133
-2.84667	-3.39133
2.42319	1.77985
2.42319	1.77985
2.42319	1.77985
2.61883	1.51345
-3.18201	1.51345
2.61883	1.51345
2.56742	0.592065
-3.23343	0.592065
2.56742	0.592065
3.16653	-0.0878704
-2.63431	-0.0878704
-2.63431	-0.0878704
3.15762	0.35002
-2.64323	0.35002
-2.64323	0.35002
2.81793	0.360329
-2.98291	0.360329
2.81793	0.360329
-1.97968	4.02394
-1.97968	-3.36905
-1.97968	-3.36905
-1.47732	-3.52113
-1.47732	-3.52113
-1.47732	3.87185
-2.1995	3.91027
-2.1995	3.91027
-2.1995	-3.48271
-1.31265	3.38998
-1.31265	3.38998
-1.31265	3.38998
-1.83414	3.26949
-1.83414	3.26949
-1.83414	3.26949
-2.19047	3.41511
-2.19047	3.41511
-2.19047	3.41511
-2.35755	3.2882
-2.35755	3.2882
-2.35755	3.2882
-2.38933	2.57296
-2.38933	2.57296
-2.38933	2.57296
-2.35863	2.54445
-2.35863	2.54445
-2.35863	2.54445
-1.97439	2.68157
-1.97439	2.68157
-1.97439	2.68157
-2.4343	1.63793
-2.4343	1.63793
-2.4343	1.63793
-2.44415	1.61972
-2.44415	1.61972
-2.44415	1.61972
-2.7331	1.77167
-2.7331	1.77167
3.06774	1.77167
-2.71578	2.49549
3.08506	2.49549
-2.71578	2.49549
-2.47327	-0.181542
-2.47327	-0.181542
-2.47327	-0.181542
-2.22568	-0.49604
-2.22568	-0.49604
-2.22568	-0.49604
-2.48265	-0.996239
-2.48265	-0.996239
-2.48265	-0.996239
-1.91079	-1.23327
-1.91079	-1.23327
-1.91079	-1.23327
-1.8777	-0.706181
-1.8777	-0.706181
-1.8777	-0.706181
-2.18052	-0.484277
-2.18052	-0.484277
-2.18052	-0.484277
-1.20387	-1.64814
-1.20387	-1.64814
-1.20387	-1.64814
-1.68734	-2.50746
-1.68734	-2.50746
-1.68734	-2.50746
-1.20795	-2.17594
-1.20795	-2.17594
-1.20795	-2.17594
-1.4389	-3.05553
-1.4389	-3.05553
-1.4389	-3.05553
-1.13569	-2.78957
-1.13569	-2.78957
-1.13569	-2.78957
-1.052	-2.30412
-1.052	-2.30412
-1.052	-2.30412
-1.73245	-2.89418
-1.73245	-2.89418
-1.73245	-2.89418
-1.93103	-2.97595
-1.93103	-2.97595
-1.93103	-2.97595
-1.24339	-3.81717
-1.24339	3.57582
-1.24339	3.57582
2.88133	2.7081
2.88133	2.7081
-2.91951	2.7081
2.60793	2.60808
2.60793	2.60808
2.60793	2.60808
2.79963	1.69322
-3.00121	1.69322
2.79963	1.69322
2.59164	1.8768
2.59164	1.8768
2.59164	1.8768
-2.23737	0.834257
-2.23737	0.834257
-2.23737	0.834257
-1.09331	-0.382499
-1.09331	-0.382499
-1.09331	-0.382499
-0.785068	-1.43327
-0.785068	-1.43327
-0.785068	-1.43327
-0.733234	-0.611486
-0.733234	-0.611486
-0.733234	-0.611486
-1.01088	2.46486
-1.01088	2.46486
-1.01088	2.46486
-0.943633	3.08995
-0.943633	3.08995
-0.943633	3.08995
-0.753257	3.20941
-0.753257	3.20941
-0.753257	3.20941
-0.996858	2.44382
-0.996858	2.44382
-0.996858	2.44382
-0.600093	2.61329
-0.600093	2.61329
-0.600093	2.61329
-0.607038	3.1786
-0.607038	3.1786
-0.607038	3.1786
-1.4455	2.28919
-1.4455	2.28919
-1.4455	2.28919
-0.231675	2.40705
-0.231675	2.40705
-0.231675	2.40705
-1.42376	1.53038
-1.42376	1.53038
-1.42376	1.53038
-1.76404	1.24208
-1.76404	1.24208
-1.76404	1.24208
-1.49878	0.812855
-1.49878	0.812855
-1.49878	0.812855
-1.72437	0.942524
-1.72437	0.942524
-1.72437	0.942524
-1.51611	0.523418
-1.51611	0.523418
-1.51611	0.523418
-2.10954	0.709973
-2.10954	0.709973
-2.10954	0.709973
-2.12408	0.244603
-2.12408	0.244603
-2.12408	0.244603
-2.10625	0.243185
-2.10625	0.243185
-2.10625	0.243185
-1.04112	0.171149
-1.04112	0.171149
-1.04112	0.171149
-0.682935	-1.54533
-0.682935	-1.54533
-0.682935	-1.54533
-0.363572	-1.46034
-0.363572	-1.46034
-0.363572	-1.46034
-0.184989	-1.67235
-0.184989	-1.67235
-0.184989	-1.67235
-0.578449	-2.50793
-0.578449	-2.50793
-0.578449	-2.50793
-0.850376	-2.23874
-0.850376	-2.23874
-0.850376	-2.23874
-0.319337	-2.4319
-0.319337	-2.4319
-0.319337	-2.4319
-0.655232	-0.571265
-0.655232	-0.571265
-0.655232	-0.571265
-0.677187	-0.565236
-0.677187	-0.565236
-0.677187	-0.565236
-0.914015	-2.92305
-0.914015	-2.92305
-0.914015	-2.92305
-0.629243	-2.82705
-0.629243	-2.82705
-0.629243	-2.82705
0.0521425	-2.76295
0.0521425	-2.76295
0.0521425	-2.76295
0.0371119	-2.92545
0.0371119	-2.92545
0.0371119	-2.92545
0.509074	-3.17251
0.509074	-3.17251
0.509074	-3.17251
-0.181509	-3.08926
-0.181509	-3.08926
-0.181509	-3.08926
0.613029	-3.63024
0.613029	-3.63024
0.613029	3.76274
0.275523	-3.80027
0.275523	3.59271
0.275523	3.59271
-0.0516535	-3.49093
-0.0516535	3.90206
-0.0516535	-3.49093
-0.080479	1.69287
-0.080479	1.69287
-0.080479	1.69287
-0.13896	1.73201
-0.13896	1.73201
-0.13896	1.73201
-0.332712	0.767217
-0.332712	0.767217
-0.332712	0.767217
-0.598559	1.31579
-0.598559	1.31579
-0.598559	1.31579
-1.05878	1.53259
-1.05878	1.53259
-1.05878	1.53259
-1.20062	1.43629
-1.20062	1.43629
-1.20062	1.43629
-1.1955	0.996175
-1.1955	0.996175
-1.1955	0.996175
-0.408541	0.749517
-0.408541	0.749517
-0.408541	0.749517
-0.536903	0.184233
-0.536903	0.184233
-0.536903	0.184233
-0.588507	0.880153
-0.588507	0.880153
-0.588507	0.880153
-0.700581	0.114516
-0.700581	0.114516
-0.700581	0.114516
-0.871357	0.246087
-0.871357	0.246087
-0.871357	0.246087
-0.820755	0.766814
-0.820755	0.766814
-0.820755	0.766814
-0.770054	3.88954
-0.770054	-3.50344
-0.770054	-3.50344
-0.94562	3.60969
-0.94562	-3.78329
-0.94562	3.60969
0.0873218	3.88349
0.0873218	-3.50949
0.0873218	-3.50949
0.280765	-3.18223
0.280765	-3.18223
0.280765	-3.18223
-0.117327	2.86048
-0.117327	2.86048
-0.117327	2.86048
-0.481621	2.89366
-0.481621	2.89366
-0.481621	2.89366
-0.0252206	1.22049
-0.0252206	1.22049
-0.0252206	1.22049
0.100179	1.2091
0.100179	1.2091
0.100179	1.2091
-2.21643	0.844419
-2.21643	0.844419
-2.21643	0.844419
-2.06681	1.26128
-2.06681	1.26128
-2.06681	1.26128
-2.84486	2.21118
2.95598	2.21118
2.95598	2.21118
2.68133	2.1689
2.68133	2.1689
2.68133	2.1689
2.18428	2.18584
2.18428	2.18584
2.18428	2.18584
2.55117	2.28395
2.55117	2.28395
2.55117	2.28395
-1.18883	-2.61385
-1.18883	-2.61385
-1.18883	-2.61385
-1.64081	-2.61367
-1.64081	-2.61367
-1.64081	-2.61367
-0.440131	-3.06127
-0.440131	-3.06127
-0.440131	-3.06127
-0.590588	3.91998
-0.590588	-3.47301
-0.590588	-3.47301
1.18714	-2.51882
1.18714	-2.51882
1.18714	-2.51882
0.980417	-2.95526
0.980417	-2.95526
0.980417	-2.95526
1.21848	-1.96138
1.21848	-1.96138
1.21848	-1.96138
1.59217	-1.93999
1.59217	-1.93999
1.59217	-1.93999
-2.53758	-0.183902
-2.53758	-0.183902
-2.53758	-0.183902
2.95086	-0.696881
-2.84999	-0.696881
-2.84999	-0.696881
-0.979521	-3.20647
-0.979521	-3.20647
-0.979521	-3.20647
-1.36632	-3.24648
-1.36632	-3.24648
-1.36632	-3.24648
2.30442	0.37897
2.30442	0.37897
2.30442	0.37897
2.5184	-0.0319896
2.5184	-0.0319896
2.5184	-0.0319896
-1.74767	-3.5707
-1.74767	3.82228
-1.74767	3.82228
-1.89693	3.36044
-1.89693	3.36044
-1.89693	3.36044
0.079831	2.40115
0.079831	2.40115
0.079831	2.40115
-0.115631	1.74171
-0.115631	1.74171
-0.115631	1.74171
0.399149	-1.34904
0.399149	-1.34904
0.399149	-1.34904
0.783723	-1.30281
0.783723	-1.30281
0.783723	-1.30281
generation	40	702
1.33266	-1.50176
1.33266	-1.50176
1.33266	-1.50176
1.3039	-2.05747
1.3039	-2.05747
1.3039	-2.05747
1.59117	-1.27676
1.59117	-1.27676
1.59117	-1.27676
1.94817	-1.83191
1.94817	-1.83191
1.94817	-1.83191
1.93493	-1.469
1.93493	-1.469
1.93493	-1.469
1.77035	-2.04877
1.77035	-2.04877
1.77035	-2.04877
1.55795	-0.918101
1.55795	-0.918101
1.55795	-0.918101
1.68268	-0.852763
1.68268	-0.852763
1.68268	-0.852763
2.26668	-1.33629
2.26668	-1.33629
2.26668	-1.33629
2.27339	-1.24305
2.27339	-1.24305
2.27339	-1.24305
1.01058	-0.921384
1.01058	-0.921384
1.01058	-0.921384
1.04373	-1.44059
1.04373	-1.44059
1.04373	-1.44059
1.31906	-0.769324
1.31906	-0.769324
1.31906	-0.769324
0.887786	-2.2605
0.887786	-2.2605
0.887786	-2.2605
0.876385	-1.61227
0.876385	-1.61227
0.876385	-1.61227
0.87953	-2.23786
0.87953	-2.23786
0.87953	-2.23786
0.457512	-1.33697
0.457512	-1.33697
0.457512	-1.33697
0.737615	-0.747905
0.737615	-0.747905
0.737615	-0.747905
0.391864	-1.13166
0.391864	-1.13166
0.391864	-1.13166
0.0299726	0.0870345
0.0299726	0.0870345
0.0299726	0.0870345
-0.311857	0.021821
-0.311857	0.021821
-0.311857	0.021821
0.728923	-0.491475
0.728923	-0.491475
0.728923	-0.491475
-0.297395	-1.09585
-0.297395	-1.09585
-0.297395	-1.09585
3.22856	-1.46547
-3.66778	-1.46547
3.22856	-1.46547
3.49711	-1.34023
-3.39923	-1.34023
-3.39923	-1.34023
3.61923	-1.02738
-3.2771	-1.02738
-3.2771	-1.02738
3.27289	-0.714076
3.27289	-0.714076
-3.62344	-0.714076
2.97994	-0.92037
2.97994	-0.92037
2.97994	-0.92037
2.99208	-1.3171
2.99208	-1.3171
2.99208	-1.3171
2.58647	-1.54651
2.58647	-1.54651
2.58647	-1.54651
2.87988	-0.876093
2.87988	-0.876093
2.87988	-0.876093
2.86524	-1.93639
2.86524	-1.93639
2.86524	-1.93639
2.59597	-1.789
2.59597	-1.789
2.59597	-1.789
2.37654	-1.9378
2.37654	-1.9378
2.37654	-1.9378
2.89336	-2.41607
2.89336	-2.41607
2.89336	-2.41607
2.75534	-2.50193
2.75534	-2.50193
2.75534	-2.50193
2.40613	-2.28345
2.40613	-2.28345
2.40613	-2.28345
1.78239	-2.12368
1.78239	-2.12368
1.78239	-2.12368
2.12728	-2.43766
2.12728	-2.43766
2.12728	-2.43766
3.39001	-2.68982
-3.50632	-2.68982
3.39001	-2.68982
-3.15381	-3.17655
-3.15381	3.66618
3.74252	3.66618
-3.20444	-2.51602
3.69189	-2.51602
-3.20444	-2.51602
-2.93092	-2.65532
-2.93092	-2.65532
-2.93092	-2.65532
-2.93321	-3.0296
-2.93321	-3.0296
-2.93321	3.81313
1.52233	2.49648
1.52233	2.49648
1.52233	2.49648
1.83178	1.92068
1.83178	1.92068
1.83178	1.92068
2.45618	1.86956
2.45618	1.86956
2.45618	1.86956
2.50999	1.58634
2.50999	1.58634
2.50999	1.58634
2.01515	1.31503
2.01515	1.31503
2.01515	1.31503
1.80925	1.89029
1.80925	1.89029
1.80925	1.89029
0.244288	3.10994
0.244288	3.10994
0.244288	3.10994
-0.306239	3.25131
-0.306239	3.25131
-0.306239	3.25131
-0.316941	3.47096
-0.316941	3.47096
-0.316941	-3.37178
0.0316183	3.03392
0.0316183	3.03392
0.0316183	3.03392
1.7302	-0.177741
1.7302	-0.177741
1.7302	-0.177741
2.81244	-0.214034
2.81244	-0.214034
2.81244	-0.214034
2.26588	0.0805828
2.26588	0.0805828
2.26588	0.0805828
1.29265	-0.209376
1.29265	-0.209376
1.29265	-0.209376
1.25251	0.365508
1.25251	0.365508
1.25251	0.365508
1.33027	-0.231489
1.33027	-0.231489
1.33027	-0.231489
1.58807	0.547079
1.58807	0.547079
1.58807	0.547079
1.70262	0.45398
1.70262	0.45398
1.70262	0.45398
1.60572	-0.0928028
1.60572	-0.0928028
1.60572	-0.0928028
0.130911	0.548806
0.130911	0.548806
0.130911	0.548806
0.523603	0.728666
0.523603	0.728666
0.523603	0.728666
0.592062	1.39896
0.592062	1.39896
0.592062	1.39896
1.28118	1.58484
1.28118	1.58484
1.28118	1.58484
1.45202	1.97069
1.45202	1.97069
1.45202	1.97069
1.91843	0.533722
1.91843	0.533722
1.91843	0.533722
2.29496	0.206931
2.29496	0.206931
2.29496	0.206931
1.01795	-3.13869
1.01795	3.70404
1.01795	-3.13869
1.27561	-3.27169
1.27561	3.57104
1.27561	3.57104
2.08779	-2.86767
2.08779	-2.86767
2.08779	3.97506
0.90343	-2.65656
0.90343	-2.65656
0.90343	-2.65656
0.877704	-2.64685
0.877704	-2.64685
0.877704	-2.64685
2.99237	-0.0990292
2.99237	-0.0990292
2.99237	-0.0990292
3.3111	-0.452583
3.3111	-0.452583
-3.58523	-0.452583
-3.66821	-1.73171
3.22812	-1.73171
3.22812	-1.73171
-3.21428	-2.01704
-3.21428	-2.01704
3.68205	-2.01704
-3.16133	-1.99444
-3.16133	-1.99444
-3.16133	-1.99444
-3.14525	-1.51817
-3.14525	-1.51817
-3.14525	-1.51817
-2.78296	-2.57625
-2.78296	-2.57625
-2.78296	-2.57625
-2.76358	-2.26045
-2.76358	-2.26045
-2.76358	-2.26045
-2.59711	-1.48046
-2.59711	-1.48046
-2.59711	-1.48046
-2.88839	-1.3349
-2.88839	-1.3349
-2.88839	-1.3349
-2.68342	-2.22321
-2.68342	-2.22321
-2.68342	-2.22321
1.25311	3.04836
1.25311	3.04836
1.25311	3.04836
1.61563	2.76486
1.61563	2.76486
1.61563	2.76486
2.3286	3.83365
2.3286	-3.00908
2.3286	3.83365
2.32022	3.06553
2.32022	3.06553
2.32022	3.06553
1.24098	2.51021
1.24098	2.51021
1.24098	2.51021
0.571235	2.69016
0.571235	2.69016
0.571235	2.69016
0.534791	2.93823
0.534791	2.93823
0.534791	2.93823
1.25845	2.533
1.25845	2.533
1.25845	2.533
1.14104	2.98438
1.14104	2.98438
1.14104	2.98438
0.83214	3.13692
0.83214	3.13692
0.83214	3.13692
0.321997	1.57063
0.321997	1.57063
0.321997	1.57063
0.20151	1.79142
0.20151	1.79142
0.20151	1.79142
0.0689883	2.49376
0.0689883	2.49376
0.0689883	2.49376
0.76755	3.49669
0.76755	3.49669
0.76755	-3.34604
2.71106	2.82266
2.71106	2.82266
2.71106	2.82266
2.76667	2.24559
2.76667	2.24559
2.76667	2.24559
2.75214	4.10879
2.75214	-2.73394
2.75214	-2.73394
3.36354	3.80523
3.36354	-3.03751
3.36354	3.80523
3.35171	3.15259
3.35171	3.15259
3.35171	3.15259
3.80447	3.2657
-3.09186	3.2657
-3.09186	3.2657
3.46155	3.08069
-3.43479	3.08069
3.46155	3.08069
3.40285	3.8329
3.40285	-3.00983
-3.49348	-3.00983
2.8034	1.4814
2.8034	1.4814
2.8034	1.4814
2.98378	1.28834
-3.91255	1.28834
2.98378	1.28834
3.02592	0.506933
-3.87041	0.506933
3.02592	0.506933
3.77606	-0.286817
-3.12027	-0.286817
-3.12027	-0.286817
3.73773	0.322588
-3.1586	0.322588
-3.1586	0.322588
3.2194	0.346764
-3.67693	0.346764
3.2194	0.346764
-2.40365	3.82099
-2.40365	-3.02174
-2.40365	-3.02174
-1.80985	-3.21891
-1.80985	-3.21891
-1.80985	3.62382
-2.65978	3.65273
-2.65978	3.65273
-2.65978	-3.19
-1.77677	-3.31588
-1.77677	3.52685
-1.77677	3.52685
-2.30178	3.16303
-2.30178	3.16303
-2.30178	3.16303
-2.62202	3.28857
-2.62202	3.28857
-2.62202	3.28857
-2.82597	3.12803
-2.82597	3.12803
-2.82597	3.12803
-2.85288	2.39834
-2.85288	2.39834
-2.85288	2.39834
-2.82922	2.39299
-2.82922	2.39299
-2.82922	2.39299
-2.32343	2.6311
-2.32343	2.6311
-2.32343	2.6311
-2.93428	1.54572
-2.93428	1.54572
-2.93428	1.54572
-2.96679	1.52554
-2.96679	1.52554
-2.96679	1.52554
-3.28119	1.66661
-3.28119	1.66661
3.61514	1.66661
-3.2672	2.22443
3.62913	2.22443
-3.2672	2.22443
-2.98106	-0.335608
-2.98106	-0.335608
-2.98106	-0.335608
-2.80424	-0.722984
-2.80424	-0.722984
-2.80424	-0.722984
-2.97472	-1.05387
-2.97472	-1.05387
-2.97472	-1.05387
-2.21244	-1.27989
-2.21244	-1.27989
-2.21244	-1.27989
-2.21262	-0.868711
-2.21262	-0.868711
-2.21262	-0.868711
-2.66959	-0.672695
-2.66959	-0.672695
-2.66959	-0.672695
-1.56859	-1.63452
-1.56859	-1.63452
-1.56859	-1.63452
-1.64276	-2.44109
-1.64276	-2.44109
-1.64276	-2.44109
-1.49591	-2.19791
-1.49591	-2.19791
-1.49591	-2.19791
-1.71759	-2.84417
-1.71759	-2.84417
-1.71759	-2.84417
-1.4081	-2.6309
-1.4081	-2.6309
-1.4081	-2.6309
-1.29318	-2.33742
-1.29318	-2.33742
-1.29318	-2.33742
-2.09423	-2.6578
-2.09423	-2.6578
-2.09423	-2.6578
-2.39423	-2.82267
-2.39423	-2.82267
-2.39423	-2.82267
-1.19414	3.31284
-1.19414	3.31284
-1.19414	-3.52989
3.47812	2.33338
3.47812	2.33338
-3.41821	2.33338
3.05571	2.10479
3.05571	2.10479
3.05571	2.10479
3.19958	1.54559
-3.69675	1.54559
3.19958	1.54559
3.09175	1.66235
3.09175	1.66235
3.09175	1.66235
-2.76371	0.793265
-2.76371	0.793265
-2.76371	0.793265
-1.47963	-0.380509
-1.47963	-0.380509
-1.47963	-0.380509
-0.943091	-1.34181
-0.943091	-1.34181
-0.943091	-1.34181
-0.926017	-0.666715
-0.926017	-0.666715
-0.926017	-0.666715
-1.13659	2.59366
-1.13659	2.59366
-1.13659	2.59366
-1.02814	2.9653
-1.02814	2.9653
-1.02814	2.9653
-0.827336	3.08172
-0.827336	3.08172
-0.827336	3.08172
-0.934046	2.45397
-0.934046	2.45397
-0.934046	2.45397
-0.487542	2.67152
-0.487542	2.67152
-0.487542	2.67152
-0.54704	3.02544
-0.54704	3.02544
-0.54704	3.02544
-1.86237	2.31757
-1.86237	2.31757
-1.86237	2.31757
-0.0394653	2.39043
-0.0394653	2.39043
-0.0394653	2.39043
-1.83899	1.48581
-1.83899	1.48581
-1.83899	1.48581
-2.18246	1.18599
-2.18246	1.18599
-2.18246	1.18599
-1.87017	0.887129
-1.87017	0.887129
-1.87017	0.887129
-2.16457	1.09322
-2.16457	1.09322
-2.16457	1.09322
-1.9706	0.350926
-1.9706	0.350926
-1.9706	0.350926
-2.68492	0.779226
-2.68492	0.779226
-2.68492	0.779226
-2.54136	0.284666
-2.54136	0.284666
-2.54136	0.284666
-2.83637	-0.257042
-2.83637	-0.257042
-2.83637	-0.257042
-1.46229	-0.14488
-1.46229	-0.14488
-1.46229	-0.14488
-0.900292	-1.37585
-0.900292	-1.37585
-0.900292	-1.37585
-0.351292	-1.23668
-0.351292	-1.23668
-0.351292	-1.23668
-0.0572371	-1.52666
-0.0572371	-1.52666
-0.0572371	-1.52666
-0.688028	-2.59033
-0.688028	-2.59033
-0.688028	-2.59033
-1.03467	-2.26779
-1.03467	-2.26779
-1.03467	-2.26779
-0.180956	-2.40664
-0.180956	-2.40664
-0.180956	-2.40664
-0.613158	-0.520965
-0.613158	-0.520965
-0.613158	-0.520965
-0.70276	-0.497258
-0.70276	-0.497258
-0.70276	-0.497258
-1.15315	-2.81875
-1.15315	-2.81875
-1.15315	-2.81875
-0.709998	-2.67813
-0.709998	-2.67813
-0.709998	-2.67813
0.140735	-2.6536
0.140735	-2.6536
0.140735	-2.6536
0.127797	-2.73831
0.127797	-2.73831
0.127797	-2.73831
0.530477	-2.93371
0.530477	-2.93371
0.530477	-2.93371
-0.166598	-2.91083
-0.166598	-2.91083
-0.166598	-2.91083
0.583349	-3.25537
0.583349	-3.25537
0.583349	3.58736
0.313513	-3.39655
0.313513	3.44618
0.313513	3.44618
-0.0955124	-3.16948
-0.0955124	3.67325
-0.0955124	-3.16948
0.196274	1.47804
0.196274	1.47804
0.196274	1.47804
0.0172024	1.67566
0.0172024	1.67566
0.0172024	1.67566
0.0217931	0.667013
0.0217931	0.667013
0.0217931	0.667013
-0.510854	1.34181
-0.510854	1.34181
-0.510854	1.34181
-0.939606	1.56821
-0.939606	1.56821
-0.939606	1.56821
-1.38718	1.29377
-1.38718	1.29377
-1.38718	1.29377
-1.39424	1.08536
-1.39424	1.08536
-1.39424	1.08536
-0.321958	0.589251
-0.321958	0.589251
-0.321958	0.589251
-0.418218	0.144785
-0.418218	0.144785
-0.418218	0.144785
-0.526333	0.750795
-0.526333	0.750795
-0.526333	0.750795
-0.736302	0.0174994
-0.736302	0.0174994
-0.736302	0.0174994
-0.837696	0.096164
-0.837696	0.096164
-0.837696	0.096164
-0.775766	0.640887
-0.775766	0.640887
-0.775766	0.640887
-0.945617	3.62692
-0.945617	-3.21582
-0.945617	-3.21582
-1.01974	3.39186
-1.01974	-3.45087
-1.01974	3.39186
0.119468	3.66322
0.119468	-3.17951
0.119468	-3.17951
0.279243	-2.89938
0.279243	-2.89938
0.279243	-2.89938
-0.0526867	2.81918
-0.0526867	2.81918
-0.0526867	2.81918
-0.444276	2.7943
-0.444276	2.7943
-0.444276	2.7943
0.264953	1.06982
0.264953	1.06982
0.264953	1.06982
0.427022	1.06168
0.427022	1.06168
0.427022	1.06168
-2.708	0.796618
-2.708	0.796618
-2.708	0.796618
-2.55755	1.19945
-2.55755	1.19945
-2.55755	1.19945
-3.38697	1.94181
3.50936	1.94181
3.50936	1.94181
3.12396	1.85508
3.12396	1.85508
3.12396	1.85508
2.53144	1.77527
2.53144	1.77527
2.53144	1.77527
3.0278	1.92821
3.0278	1.92821
3.0278	1.92821
-1.41993	-2.55814
-1.41993	-2.55814
-1.41993	-2.55814
-2.09565	-2.62004
-2.09565	-2.62004
-2.09565	-2.62004
-0.529682	-2.88647
-0.529682	-2.88647
-0.529682	-2.88647
-0.626923	3.7079
-0.626923	-3.13483
-0.626923	-3.13483
1.35502	-2.09701
1.35502	-2.09701
1.35502	-2.09701
1.3548	-2.13748
1.3548	-2.13748
1.3548	-2.13748
1.4299	-1.70082
1.4299	-1.70082
1.4299	-1.70082
1.87174	-1.69824
1.87174	-1.69824
1.87174	-1.69824
-3.08933	-0.320699
-3.08933	-0.320699
-3.08933	-0.320699
3.50895	-0.788611
-3.38738	-0.788611
-3.38738	-0.788611
-1.19161	-2.95142
-1.19161	-2.95142
-1.19161	-2.95142
-1.66006	-3.00329
-1.66006	-3.00329
-1.66006	-3.00329
2.75739	0.256201
2.75739	0.256201
2.75739	0.256201
2.93444	-0.0970317
2.93444	-0.0970317
2.93444	-0.0970317
-2.17822	-3.23573
-2.17822	3.607
-2.17822	3.607
-2.37336	3.24934
-2.37336	3.24934
-2.37336	3.24934
0.246197	2.42452
0.246197	2.42452
0.246197	2.42452
0.0461419	1.67831
0.0461419	1.67831
0.0461419	1.67831
0.479018	-1.25646
0.479018	-1.25646
0.479018	-1.25646
0.930663	-1.21757
0.930663	-1.21757
0.930663	-1.21757
1.64601	1.25977
1.64601	1.25977
1.64601	1.25977
1.88399	1.39032
1.88399	1.39032
1.88399	1.39032
